18730 -4.5
23050 -4.5
23915 -4.5
24348 -4.5
24725 -4.5
25509 -4.5
25961 -4.5
26155 -4.5
27546 -4.5
31010 -4.5
31040 -4.5
31749 -4.5
32134 -4.5
32732 -4.5
35092 -4.5
35202 -4.5
35538 -4.5
36797 -4.5
37463 -4.5
38954 -4.5
39675 -4.5
40430 -4.5
40695 -4.5
41453 -4.5
41837 -4.5
43498 -4.5
43812 -4.5
45053 -4.5
45403 -4.5
46645 -4.5
47732 -4.5
47747 -4.5
48323 -4.5
49050 -4.5
49386 -4.5
49544 -4.5
50400 -4.5
50754 -4.5
54224 -4.5
55321 -4.5
55877 -4.5
55935 -4.5
56756 -4.5
58191 -4.5
59390 -4.5
61513 -4.5
62503 -4.5
63689 -4.5
64023 -4.5
64101 -4.5
64968 -4.5
67306 -4.5
67346 -4.5
67920 -4.5
70915 -4.5
71148 -4.5
72613 -4.5
72984 -4.5
73597 -4.5
74150 -4.5
75671 -4.5
79322 -4.5
79654 -4.5
80133 -4.5
82145 -4.5
82475 -4.5
87048 -4.5
87761 -4.5
88641 -4.5
35807 -4.26680988826
73781 -4.26416283788
69806 -4.23526246887
48525 -4.21144529414
47984 -4.19828976708
49630 -4.11833618643
35448 -4.08135577601
57707 -4.08135577601
86335 -4.08135577601
78061 -4.07911147067
81553 -4.06473772614
57541 -4.06080338895
60549 -4.01276103599
35917 -3.98072864148
37198 -3.98072864148
88435 -3.98072864148
40280 -3.91960763514
52281 -3.90979673845
18336 -3.89478061584
59033 -3.88249598138
24040 -3.87587462527
65675 -3.86186378241
26807 -3.85710552679
31116 -3.84464916833
44488 -3.8164205254
48872 -3.8164205254
62732 -3.8164205254
63339 -3.78840363594
7574 -3.75634396725
31852 -3.74623965952
66714 -3.74066788608
27850 -3.73581975372
43656 -3.70752694559
61556 -3.69583025483
30122 -3.69303049145
44157 -3.69303049145
41496 -3.68794510753
38907 -3.6815191163
49725 -3.6815191163
62801 -3.6815191163
44445 -3.63061789657
23111 -3.62977478009
14212 -3.60982890845
10386 -3.58500698572
25222 -3.58473315181
17970 -3.57556862587
38631 -3.57556862587
60047 -3.57556862587
73159 -3.57556862587
53475 -3.55726377505
85744 -3.55711589314
45609 -3.55026696922
28775 -3.54863482402
43902 -3.54863482402
77283 -3.54863482402
79557 -3.54863482402
30372 -3.54130223274
27839 -3.53568614142
40418 -3.53104968386
44897 -3.53104968386
46830 -3.51022658339
82184 -3.51022658339
30935 -3.50273615472
18280 -3.5
19442 -3.5
19920 -3.5
23201 -3.5
24945 -3.5
25071 -3.5
27339 -3.5
27447 -3.5
27779 -3.5
29192 -3.5
31976 -3.5
32001 -3.5
33986 -3.5
34018 -3.5
35249 -3.5
35780 -3.5
36486 -3.5
37579 -3.5
46916 -3.5
47115 -3.5
52122 -3.5
53020 -3.5
56286 -3.5
57509 -3.5
64440 -3.5
67684 -3.5
68638 -3.5
72437 -3.5
74972 -3.5
80509 -3.5
81995 -3.5
83266 -3.5
85445 -3.5
33357 -3.49693671839
11141 -3.48913551214
86902 -3.48425462943
35409 -3.4725093356
66810 -3.4725093356
69840 -3.46569711515
43112 -3.46385665919
47345 -3.46385665919
24812 -3.45994724007
37756 -3.45038880728
24458 -3.44018295005
21800 -3.43742139843
50334 -3.41069719264
88793 -3.41069719264
29636 -3.40511846016
76171 -3.40511846016
70209 -3.40271894872
46636 -3.39677713473
32877 -3.38785578936
30209 -3.38505288604
64421 -3.38505288604
80414 -3.38423219039
60586 -3.35055110595
39095 -3.34521405413
51417 -3.34413326829
34838 -3.33627932262
63551 -3.33524078723
59042 -3.33406287021
34786 -3.33326526729
29432 -3.33031487207
62369 -3.32656048149
27009 -3.32646301916
70091 -3.3261113915
67532 -3.32053141785
29268 -3.30646982787
45215 -3.29490310616
49606 -3.29422637097
78603 -3.29067709835
80683 -3.28950711472
39820 -3.28621502018
15554 -3.28526662313
62043 -3.26197764168
73394 -3.25590526888
57308 -3.24591326339
37050 -3.2439555628
52521 -3.23914096733
45141 -3.23480507186
50408 -3.23385209238
77316 -3.21604690606
20375 -3.21072333956
48366 -3.21061001367
69667 -3.21061001367
72138 -3.21061001367
84787 -3.21061001367
87340 -3.21061001367
38640 -3.20624985753
48504 -3.19719741428
69454 -3.19542384344
10093 -3.19290736912
43662 -3.19150681499
44424 -3.18108866216
44920 -3.18108866216
54693 -3.18108866216
68283 -3.18108866216
79843 -3.18108866216
46186 -3.17878363581
45928 -3.16998802339
85392 -3.16487381897
18870 -3.15467965588
85250 -3.15429644567
31283 -3.15279158036
27145 -3.1523649875
38542 -3.13760646185
83568 -3.1372593577
33453 -3.13586105684
69279 -3.13586105684
71552 -3.12776092942
28901 -3.12682668189
50939 -3.125552533
57401 -3.1228925336
68903 -3.1228925336
32861 -3.12271264065
9847 -3.12212541749
48120 -3.12209111479
65594 -3.12209111479
67055 -3.12209111479
17607 -3.11475276131
52888 -3.11318148745
27704 -3.11279350162
53462 -3.11279350162
56477 -3.11279350162
33371 -3.11277898109
41820 -3.11065530186
22021 -3.10404476546
6689 -3.10205832408
21466 -3.08952750131
85940 -3.08249649969
57591 -3.08176295927
87680 -3.08061921211
81436 -3.07917854362
41732 -3.07906897317
24411 -3.07782528833
67337 -3.07335295135
25728 -3.07215188964
29208 -3.06118039027
32234 -3.06118039027
80419 -3.05953682764
47374 -3.05714711429
86830 -3.05628291954
86957 -3.05560349097
50403 -3.05339189632
41177 -3.05288622463
46284 -3.05288622463
84437 -3.04989279339
29372 -3.0483931453
13777 -3.04810311278
31422 -3.04364531059
34726 -3.04350721546
51647 -3.04350721546
59192 -3.04350721546
88116 -3.04350721546
55940 -3.04130721829
86300 -3.03488527634
42901 -3.02495353788
30406 -3.02172684858
12349 -3.02013777112
37254 -3.01642667059
49582 -3.01576125371
28581 -3.007191376
39393 -3.00467203523
58094 -3.00061112958
4111 -3.00053777864
21813 -2.99522007399
52146 -2.99481368447
31965 -2.99360073003
27849 -2.98628939141
41858 -2.98354805113
33822 -2.98029892176
13496 -2.97685184591
42051 -2.97530948648
43352 -2.97530948648
9344 -2.97471776757
43147 -2.97193159653
37595 -2.96499514237
59985 -2.96437187379
22044 -2.95405841124
37955 -2.94861768117
87573 -2.94602942904
73537 -2.9428698215
63589 -2.94092727449
26305 -2.93941029948
89488 -2.93668608301
29613 -2.93617491539
33831 -2.93597292163
52734 -2.93206188176
61192 -2.93206188176
85542 -2.93206188176
80848 -2.9278178358
29564 -2.9264158389
49439 -2.92502110856
30341 -2.91782848546
8497 -2.91595465271
43351 -2.90955374101
79629 -2.90716094997
10365 -2.90681848911
19037 -2.90456000931
41305 -2.90262520656
35519 -2.9015084664
34257 -2.8930110675
58003 -2.89181051631
52470 -2.88875087303
22642 -2.88183820841
30242 -2.88171521451
26563 -2.88064349798
66342 -2.87907220209
43010 -2.87892519177
67017 -2.87892519177
22430 -2.87765508607
52722 -2.87670846915
33210 -2.87539139923
59984 -2.87316162581
29193 -2.87113288851
66096 -2.87103807661
23503 -2.86615602892
28355 -2.86615602892
34744 -2.86615602892
50739 -2.86298416497
47128 -2.86209989732
57700 -2.85832942673
85153 -2.85412557387
87748 -2.85226992587
57220 -2.84013573569
66959 -2.83815804354
79738 -2.83815804354
18163 -2.83470636225
31486 -2.83399523513
43004 -2.83226898694
83388 -2.8321023604
40705 -2.8315238919
45913 -2.8311978785
50957 -2.83026386016
87693 -2.83026386016
86667 -2.82874053495
41935 -2.82866073904
5078 -2.8265076661
27485 -2.82613669039
34530 -2.82569293545
38441 -2.82517027877
45725 -2.82170276464
83304 -2.81269760985
23546 -2.81249439946
34561 -2.81150807895
57778 -2.79937046502
83168 -2.79115681479
15350 -2.78765216379
78315 -2.78266772653
64947 -2.77902820434
28275 -2.77701996249
42231 -2.77701996249
52732 -2.7758378457
36649 -2.77340100581
68792 -2.76883502437
34856 -2.76507624198
62439 -2.76505588634
427 -2.76344938358
28491 -2.76207601533
29690 -2.76024951915
38559 -2.75995957823
24501 -2.7585139369
43479 -2.75751027128
8278 -2.75723007942
54101 -2.75617421453
41757 -2.75613683658
22157 -2.75117528064
41347 -2.750350876
83790 -2.74836080432
38106 -2.74792164227
18255 -2.74277213475
64197 -2.74084200121
31270 -2.73417852059
36298 -2.72667620894
41648 -2.72434185828
38847 -2.72169277397
60409 -2.72149039838
68243 -2.72118199263
38159 -2.72067980887
47289 -2.71928587423
9862 -2.71645500729
3524 -2.71387815095
75824 -2.70965516391
87444 -2.70897444457
56519 -2.70865541279
64135 -2.70865541279
71629 -2.70865541279
54090 -2.70128599253
15889 -2.69845389735
18582 -2.69710112529
59324 -2.6932674899
38409 -2.68764261668
9978 -2.68630414129
38652 -2.68225610628
7967 -2.68032695112
32559 -2.68010570865
43154 -2.67914455009
71478 -2.67790995091
20983 -2.6756291457
56734 -2.67501598729
30946 -2.67279872196
20565 -2.67250112659
89285 -2.67183110586
57487 -2.66781775395
73440 -2.66755584853
1197 -2.66651748804
33505 -2.66425837373
11362 -2.6636584791
45463 -2.65956358921
4280 -2.65676851143
52765 -2.65669705715
43084 -2.65484192586
13881 -2.65394606378
4953 -2.65031356492
43458 -2.64872701631
30327 -2.64542852679
10242 -2.64375994471
35908 -2.643679047
58818 -2.643679047
58624 -2.6412810622
12341 -2.6402837496
15802 -2.63937140681
54081 -2.63839130503
17032 -2.63787170461
79781 -2.63736496516
33275 -2.63387767866
45135 -2.6312230705
16598 -2.63022178196
77428 -2.63016852619
17313 -2.62837291469
75005 -2.62718788666
20420 -2.62688002401
34494 -2.62683940901
36442 -2.62558015454
44175 -2.62386409046
41198 -2.62159003619
12919 -2.61766079527
24908 -2.61512530852
56177 -2.61363101217
31358 -2.6123047899
37065 -2.6123047899
41304 -2.6123047899
45509 -2.6123047899
84513 -2.6123047899
9150 -2.60833131582
46737 -2.60734368035
17963 -2.60521109702
24190 -2.60504863555
84693 -2.60352646314
51787 -2.60281083138
9746 -2.60272338617
50262 -2.60270448546
40314 -2.60037536872
77323 -2.60020697367
72221 -2.5995387372
39495 -2.59692418102
21836 -2.59552642866
70413 -2.59358580772
27895 -2.59311839127
55380 -2.59256557919
87099 -2.59210908215
16636 -2.58760162543
17388 -2.58696676462
30369 -2.58597629067
25534 -2.58431348276
79423 -2.58321840685
38541 -2.5830229524
44250 -2.58248825161
45061 -2.58248825161
87883 -2.58248825161
88422 -2.58248825161
41330 -2.5816902604
23792 -2.58033033836
29519 -2.57973393469
37223 -2.57901897204
33388 -2.57788216883
48631 -2.57538510573
32184 -2.57185511226
43834 -2.57102792146
19950 -2.57019623479
31167 -2.56873096699
37369 -2.56713770797
27535 -2.56556321431
48367 -2.56535920524
53614 -2.56420723666
19277 -2.56308607322
19403 -2.56230175623
38884 -2.55980999148
1606 -2.55918493786
1897 -2.55755693601
40726 -2.55721045238
59498 -2.55658616567
9440 -2.55566638751
240 -2.55498408869
83294 -2.55076187582
42456 -2.54667226333
27341 -2.54656309789
43342 -2.5462580273
62481 -2.54590917449
50551 -2.54565278128
4153 -2.54482312787
71530 -2.54373466148
31024 -2.54240619658
73784 -2.54187536532
71590 -2.54102077537
39156 -2.53945212583
46473 -2.53914995265
19339 -2.53821693355
13360 -2.5370599378
43710 -2.53117596458
83204 -2.5283360666
71962 -2.52811771471
34570 -2.525703244
38821 -2.52502808935
42785 -2.52392855857
41174 -2.52380908643
55237 -2.52369855101
23686 -2.52271480831
4265 -2.51866170185
45756 -2.51624321435
31140 -2.51446916812
49468 -2.51445472005
45325 -2.50994620466
46532 -2.50962159789
10207 -2.50933284395
64094 -2.50929300361
31049 -2.50838237421
7180 -2.50688007266
85949 -2.50405800971
22891 -2.50405797085
57080 -2.50300881777
41049 -2.50268282784
368 -2.50155218528
18623 -2.5
24931 -2.5
25237 -2.5
27064 -2.5
27536 -2.5
27943 -2.5
28076 -2.5
28927 -2.5
29496 -2.5
34375 -2.5
35227 -2.5
35343 -2.5
44535 -2.5
47163 -2.5
47514 -2.5
48010 -2.5
50157 -2.5
55959 -2.5
56571 -2.5
57172 -2.5
60576 -2.5
73014 -2.5
78411 -2.5
79611 -2.5
80954 -2.5
89251 -2.5
22194 -2.49756047379
48289 -2.49547161971
13464 -2.49440641462
37856 -2.49401836792
3055 -2.49258107973
19821 -2.49149449065
33803 -2.49121875379
13772 -2.49076807544
17770 -2.49006065967
24644 -2.48982885098
27959 -2.48919436017
84895 -2.48726807208
77468 -2.48589588817
38557 -2.48510313628
71465 -2.48118909111
27205 -2.48061168366
22080 -2.47938597137
17290 -2.47879961293
28145 -2.47879403662
3152 -2.47791962412
73138 -2.47684396413
39112 -2.4753428614
73581 -2.47500433875
28486 -2.47499649487
44514 -2.47238129777
70193 -2.4719234227
4789 -2.47007759741
86884 -2.46799632843
24308 -2.46782672319
25130 -2.46449421596
41736 -2.46043626988
23825 -2.4591398411
69384 -2.45772643496
82247 -2.45745179158
30613 -2.45694326673
68624 -2.45694326673
13981 -2.4548863974
38028 -2.45295850413
55503 -2.45295850413
81917 -2.45295850413
27409 -2.45057637026
30885 -2.44859711954
70597 -2.4483462485
50231 -2.44814270785
6952 -2.44759679002
12314 -2.44738247142
29771 -2.4471451901
35083 -2.44682643758
88847 -2.44639569315
67217 -2.44514399649
48223 -2.44371744485
38363 -2.44359443659
53844 -2.44359443659
27078 -2.43888225675
60919 -2.43721143063
31456 -2.43684021795
43801 -2.4366827162
28863 -2.43565527234
46618 -2.43501039729
2443 -2.43450862357
13261 -2.43293880244
24062 -2.4325987591
75118 -2.43206307029
52871 -2.42985241631
37300 -2.42824307697
35196 -2.42813255819
5908 -2.42798266558
75265 -2.42753598243
32483 -2.42717640789
17302 -2.4269224287
67941 -2.42612802867
24773 -2.42433014452
21447 -2.42291992541
31577 -2.42032574808
85280 -2.42032574808
44555 -2.41876639727
51490 -2.41876639727
23246 -2.41873385563
37692 -2.41812542744
50196 -2.41789258607
31438 -2.41688296907
69956 -2.41688296907
26379 -2.41658082198
31963 -2.41617026651
35014 -2.41597145978
23082 -2.4158250434
65418 -2.41499575612
31277 -2.41413079126
67553 -2.41345895384
14805 -2.41100392559
26689 -2.40854492384
2421 -2.40413190097
39558 -2.40294956577
65305 -2.40294956577
38835 -2.40271728325
41898 -2.40271728325
49769 -2.40271728325
80302 -2.40271728325
12011 -2.40234160233
34951 -2.40139457256
40013 -2.40086717946
44089 -2.40086717946
33833 -2.39704297015
12029 -2.39648728072
33563 -2.39066058827
67800 -2.38899447454
17643 -2.3861256439
30151 -2.38553684452
66543 -2.38363046316
76952 -2.3832542926
19782 -2.38312309347
8743 -2.38289191771
61479 -2.38232310431
31114 -2.38137920086
37347 -2.3806286518
38258 -2.3803685077
40452 -2.38034997307
28629 -2.37914863839
39201 -2.37909015362
80874 -2.37909015362
23445 -2.37805988658
83703 -2.37735801867
18747 -2.37725874591
38994 -2.37677797282
39682 -2.37580662565
15987 -2.3753823339
17993 -2.37438931813
42519 -2.37344960624
42083 -2.37209077019
42334 -2.37209077019
38750 -2.37156590539
59010 -2.37151148007
34315 -2.36972301712
67611 -2.36855018525
76821 -2.36855018525
80108 -2.36855018525
80170 -2.36855018525
14083 -2.36722329989
21849 -2.36651462773
28614 -2.36618862112
72551 -2.36570511948
73841 -2.36376590293
17553 -2.36055454192
49629 -2.36041788563
30413 -2.36033667606
87577 -2.35886837229
47458 -2.35803046527
62751 -2.35662979043
81857 -2.3556911535
10044 -2.35447769871
51747 -2.35388096323
34070 -2.35247607604
1844 -2.35224369952
31447 -2.35152079437
76678 -2.34898640926
39382 -2.3469719512
43443 -2.3469719512
49318 -2.3469719512
43492 -2.34662047169
74043 -2.34585941381
26230 -2.34569031725
26207 -2.34543154154
22310 -2.3452219134
89435 -2.34481768608
52857 -2.34427492218
31325 -2.34333805265
26666 -2.34241612874
7909 -2.34222058181
50553 -2.34120301566
30398 -2.33979345478
19414 -2.33545248339
2299 -2.33433788185
48104 -2.33378881143
86137 -2.33378881143
26052 -2.33363224625
53250 -2.33310520726
34850 -2.33290141602
32892 -2.33256247818
40168 -2.33180754244
26092 -2.33176469192
44367 -2.3304762703
39926 -2.32968590896
36675 -2.32954832051
44638 -2.32768550309
41137 -2.32664294892
42752 -2.32633986413
28959 -2.32521365888
33667 -2.32481714605
71313 -2.3246550242
78304 -2.3246550242
84078 -2.32423872352
35047 -2.32272900717
19830 -2.32198414765
42874 -2.32152963266
22679 -2.32041861737
30030 -2.31953212799
87155 -2.31830983184
62966 -2.31829255833
76265 -2.31746913564
81951 -2.31645943606
27838 -2.3164291301
6329 -2.31600447671
584 -2.31445787088
23720 -2.31433035729
73840 -2.31358069324
48132 -2.31351610641
63321 -2.31299917156
47046 -2.31078975822
86567 -2.30880581249
51303 -2.3082023731
82938 -2.30790347277
62449 -2.30779987849
18343 -2.30497938872
25730 -2.30387651279
51632 -2.30345547479
16622 -2.3033967879
3500 -2.30253297357
17652 -2.3024237866
42264 -2.29973640445
44564 -2.29973640445
86113 -2.29973640445
11279 -2.2992587139
11573 -2.29905553847
45752 -2.29782773955
33436 -2.29553558157
46867 -2.29543703688
19953 -2.29345345031
42947 -2.29267259631
41895 -2.29200853377
52297 -2.29200853377
8605 -2.29104918693
40661 -2.28891067419
62913 -2.28891067419
47057 -2.28857299077
4970 -2.28853819091
44064 -2.28790365681
83408 -2.28723416407
21883 -2.2869417577
19185 -2.28669479014
79638 -2.28626382338
13805 -2.28562387448
40140 -2.28468763202
34430 -2.28395721669
10522 -2.28276485929
42500 -2.28248182031
43319 -2.28227640966
25306 -2.28138607338
36450 -2.28138607338
37210 -2.28138607338
39892 -2.28138607338
53332 -2.28138607338
82066 -2.28138607338
27277 -2.27991235758
40102 -2.27915005308
5472 -2.27898149826
35836 -2.27786637411
34563 -2.27700675906
48597 -2.27679507851
31795 -2.27551246053
21988 -2.27511356933
5883 -2.27159333181
26139 -2.26996086794
14346 -2.26957198644
85303 -2.26928734906
32942 -2.26888851374
54366 -2.26786992787
59590 -2.26778881111
39563 -2.26648471141
78540 -2.26549969176
22790 -2.26547655453
32444 -2.26536670494
72196 -2.26501535305
14014 -2.2649503825
29230 -2.26451903354
64741 -2.26446674159
65495 -2.26388114562
24865 -2.2628810636
54355 -2.26249181018
20360 -2.26197441226
17879 -2.26191793301
1814 -2.26176334051
1179 -2.26159280019
22436 -2.26119833127
21254 -2.26100244426
36331 -2.2595793182
67335 -2.25735412539
49137 -2.25640459067
13121 -2.25625968113
45111 -2.25554712418
23139 -2.25545983676
2120 -2.25527900291
32552 -2.25457683
21477 -2.25378412119
66022 -2.25300887342
3953 -2.24923584502
50317 -2.24826495085
22848 -2.24801156408
27631 -2.24724031999
13942 -2.24717137196
49268 -2.24589836091
84568 -2.24574174068
25748 -2.24551584131
24608 -2.24541383308
44101 -2.24531595487
31754 -2.24320497092
33330 -2.24176499263
38834 -2.24046730266
2083 -2.23970799289
19010 -2.23868567798
21811 -2.238482923
32829 -2.23687522561
41829 -2.23617343986
3477 -2.23530873101
40653 -2.23490934281
34049 -2.23331062574
31614 -2.23269654627
26984 -2.23223323618
20649 -2.23199536786
32294 -2.23140796338
24475 -2.23108314135
19154 -2.2301085118
23494 -2.22981379634
29437 -2.22951251013
30271 -2.22918760731
11745 -2.22729553652
71650 -2.22642255022
54866 -2.22525341535
12726 -2.22387491332
3434 -2.22326148486
61452 -2.22285157781
10590 -2.22105533201
21357 -2.22043801097
30584 -2.21796678918
32205 -2.21619255589
33391 -2.21498307484
27157 -2.21213050002
68693 -2.20953474683
41818 -2.20877548442
51391 -2.20877548442
25511 -2.20785867999
63584 -2.20707103666
22461 -2.20693361988
53560 -2.20687798216
48190 -2.2056505757
62955 -2.20530066997
30399 -2.20414320905
26757 -2.20139165768
34947 -2.19933054913
40542 -2.19933054913
40930 -2.19933054913
45885 -2.19933054913
59023 -2.19933054913
61664 -2.19933054913
62638 -2.19933054913
66272 -2.19933054913
70232 -2.19933054913
70962 -2.19933054913
85473 -2.19933054913
85930 -2.19933054913
89042 -2.19933054913
70378 -2.19792989475
88230 -2.19763338016
39824 -2.19571584031
65147 -2.19406388184
23903 -2.19361614602
35785 -2.19040173475
46417 -2.18738528987
48368 -2.18709050902
41134 -2.18698248088
59855 -2.18698248088
26636 -2.1852936324
79214 -2.1849791866
37896 -2.18492016622
77929 -2.18479778614
7937 -2.18379132667
14298 -2.18377982799
29769 -2.1837503332
61990 -2.1837503332
29456 -2.18372389146
39935 -2.18271735987
43620 -2.1824777398
69479 -2.18241064372
65561 -2.18227181929
24767 -2.182020806
21137 -2.1819151836
12427 -2.18150192684
36566 -2.18135927931
45782 -2.18127064339
62202 -2.18119721073
19067 -2.1810820191
28475 -2.18097784958
373 -2.18077869986
30212 -2.1796634019
43478 -2.17737964059
36956 -2.17681693089
42981 -2.17681693089
44309 -2.17681693089
49729 -2.17681693089
65653 -2.17681693089
68573 -2.17681693089
70212 -2.17681693089
82629 -2.17671406431
83334 -2.17595390127
10686 -2.17586253872
46879 -2.17421827344
81894 -2.17421827344
37268 -2.17208470915
29323 -2.17162851224
29610 -2.17143483457
16236 -2.1695325251
30363 -2.16942304813
37503 -2.16611673415
23220 -2.16573054174
14864 -2.16547726964
26837 -2.1653755967
3111 -2.16513933589
58040 -2.16499440226
23095 -2.16416907928
26040 -2.16379340618
5686 -2.163450423
42438 -2.16288819319
46597 -2.1618561086
66875 -2.1618561086
11933 -2.16081707938
31085 -2.16050389638
85820 -2.15971407411
72443 -2.15898435472
856 -2.15880471004
21228 -2.15873752984
5046 -2.15866681378
54399 -2.15832860988
1270 -2.15783561497
61668 -2.15726658305
14798 -2.15675331077
10130 -2.15625853117
43231 -2.15528536958
47900 -2.15525213747
73313 -2.15512623454
23640 -2.15403448619
33485 -2.15400341579
88091 -2.15400341579
32685 -2.15370321149
22443 -2.15308055176
49820 -2.15271570208
41872 -2.1526258801
74425 -2.15240489003
26592 -2.15002684793
28974 -2.14972291499
76756 -2.14850016917
28392 -2.14771852549
39702 -2.14765591736
56749 -2.14765591736
39976 -2.14752225518
83755 -2.14752225518
59779 -2.14709197036
7334 -2.14698923299
19287 -2.14609345889
13585 -2.14593218778
503 -2.14571785916
57765 -2.14381269151
32656 -2.14336498102
17271 -2.14285494277
21345 -2.14201162244
4950 -2.14185396487
61949 -2.14129402737
16718 -2.13990149838
3702 -2.13982527127
23751 -2.13945893021
3285 -2.13791226203
10654 -2.13490889113
62266 -2.13483408034
62884 -2.13429305468
85162 -2.13336679855
45185 -2.13298183431
86485 -2.13298183431
25981 -2.13252515289
59776 -2.13252437843
13007 -2.13182538556
41572 -2.1314409629
52419 -2.1310622735
57195 -2.13085897187
80676 -2.13015946587
32971 -2.13014179902
17421 -2.12977493468
46381 -2.1283830779
38146 -2.1276087462
7504 -2.12747993803
39871 -2.12728218935
71991 -2.12728218935
52754 -2.12722505417
86453 -2.12711148161
84029 -2.12688583515
41203 -2.1261045773
36089 -2.12605090572
24720 -2.12559704806
3450 -2.12555582265
3237 -2.12347945233
15595 -2.12175980811
40910 -2.12109959068
46289 -2.12025135688
53945 -2.11772466393
36729 -2.1176958598
35904 -2.11629574355
45399 -2.11544207623
45569 -2.11488747903
46804 -2.1145169969
40305 -2.11444231767
80390 -2.11413546806
29299 -2.11380495193
80686 -2.11320320179
2278 -2.11293872577
19542 -2.11137144136
23447 -2.11021190597
13235 -2.10903430657
16761 -2.10620777846
33244 -2.10531768913
80172 -2.10467899725
5885 -2.10462229877
38007 -2.10321197939
49558 -2.10298598578
37830 -2.10264991694
31198 -2.10248179892
39801 -2.10159583569
40671 -2.10159583569
45706 -2.10159583569
48167 -2.10159583569
52501 -2.10159583569
59451 -2.10159583569
61039 -2.10159583569
72749 -2.10159583569
33239 -2.10102998394
59240 -2.0997242166
58844 -2.09732003148
9419 -2.09621956802
8318 -2.09588808638
29104 -2.09584457141
42163 -2.09584457141
60208 -2.09584457141
69519 -2.09584457141
73986 -2.09584457141
75281 -2.09584457141
80058 -2.09584457141
30898 -2.09582265015
4380 -2.09576074185
47891 -2.09522746793
34647 -2.09520286992
37066 -2.09487829148
9519 -2.0948127539
72466 -2.09480914117
5270 -2.0943253928
19934 -2.08988024641
68531 -2.08943223626
31799 -2.08783371326
23995 -2.08772303379
23480 -2.08708290294
29971 -2.08536735314
1014 -2.08466592337
59176 -2.08458965302
66452 -2.08407271175
54059 -2.08187796159
39950 -2.08021001921
79821 -2.07989967983
49842 -2.07989812674
11020 -2.07952108494
42253 -2.07860142903
39149 -2.07653676612
30927 -2.07536855478
14816 -2.07435097856
77743 -2.07347256792
6395 -2.07299362208
41467 -2.07173833683
6174 -2.07167566782
87243 -2.07162963658
30052 -2.07090988962
52565 -2.07090988962
29017 -2.0693835069
14058 -2.06839563025
39795 -2.06820158519
37855 -2.067509097
74421 -2.067509097
32704 -2.06724497893
33808 -2.06724497893
35068 -2.06671527121
47827 -2.06600216908
37525 -2.06473827433
2532 -2.06423516317
58108 -2.06345812924
33718 -2.06341312608
22383 -2.0633601412
55073 -2.06308382725
2252 -2.06272355519
38977 -2.06267245124
38608 -2.06248318238
58977 -2.06222340824
60693 -2.06185020955
9653 -2.06174296394
1627 -2.0604552629
20437 -2.05700527311
23533 -2.05664221323
2751 -2.05544088241
19861 -2.05539899636
25210 -2.05460778268
59546 -2.05305319867
49225 -2.05272878224
30315 -2.05195735155
2068 -2.05193577346
19427 -2.04860879657
67530 -2.04763543817
27461 -2.04643008146
40365 -2.04546143624
89372 -2.04491313462
58849 -2.04396030579
49600 -2.04395368076
44781 -2.04328428009
2846 -2.04257485377
2522 -2.04196307951
48099 -2.04160443184
64364 -2.0408764078
42173 -2.03968188417
63082 -2.03803016439
12929 -2.03789683419
1103 -2.03768536793
51523 -2.03666018794
6650 -2.03651381739
47791 -2.03644319115
23014 -2.0361472593
30856 -2.03538955988
40617 -2.03443385294
9425 -2.0317649881
31941 -2.03144885484
37542 -2.0311922804
11904 -2.03119206639
26710 -2.031088962
28658 -2.03026795459
33076 -2.02999705684
47875 -2.02954509956
84541 -2.02790942227
40084 -2.02781414176
42750 -2.02775172654
18104 -2.02656907006
3424 -2.02557349121
77896 -2.02527109899
8161 -2.02517123796
31075 -2.02463189078
54298 -2.02386468938
49861 -2.0236529524
6864 -2.02358791775
35907 -2.0232254355
47034 -2.02254448983
34012 -2.02202071488
4933 -2.02045918954
60398 -2.02022001978
78550 -2.01972479959
25422 -2.0191407021
40554 -2.01875513227
87258 -2.01803115342
813 -2.01797973422
19365 -2.01683102215
50171 -2.01671336143
59019 -2.01671336143
44259 -2.01630794284
11322 -2.01540032696
89191 -2.01475885612
3538 -2.01456201105
36053 -2.0144347152
18128 -2.01234126537
59761 -2.01164411512
65647 -2.01164411512
78228 -2.01164411512
7126 -2.01066018574
26832 -2.01058399891
49341 -2.00966129053
17788 -2.0092010546
73884 -2.00814943853
80836 -2.00722311982
43826 -2.00708569519
45207 -2.00632565824
19870 -2.00624616328
75620 -2.00536481764
26182 -2.00479235172
22429 -2.0046289923
79397 -2.00430835542
31269 -2.00411785962
39097 -2.00376856254
13328 -2.00292998833
38722 -2.00194787781
43758 -1.99774590712
69442 -1.99758885735
9156 -1.9971576632
25283 -1.99707881607
20068 -1.99456191132
33205 -1.99201762651
26560 -1.99184434299
14823 -1.99151845921
85078 -1.99103619268
40798 -1.98898728565
85734 -1.98862206847
65622 -1.98819524176
28938 -1.98781978158
2947 -1.98693251424
12962 -1.9867043769
12720 -1.9857042052
56909 -1.98470620049
74270 -1.9835866853
36269 -1.98314319319
47676 -1.98314319319
43542 -1.98268840384
37945 -1.9824319699
55248 -1.9824319699
2427 -1.98144982555
79054 -1.98133842432
87468 -1.98133449367
6839 -1.97938168956
64310 -1.97888612732
28828 -1.97880040044
19767 -1.97724697365
85871 -1.97699681182
79345 -1.97697608425
44775 -1.97648253352
36340 -1.97525166971
15439 -1.97510599718
62989 -1.97387965815
74099 -1.97245323665
6405 -1.97224104265
59150 -1.97223626662
79613 -1.97179197105
8711 -1.97171682857
23211 -1.97145226857
18416 -1.9707393218
85616 -1.97051898638
21649 -1.9701017743
40577 -1.96805527351
45453 -1.96713980425
11194 -1.96636885325
57497 -1.96545016362
18804 -1.96524852353
50016 -1.96523743731
16482 -1.96461257232
37154 -1.96453703516
33153 -1.96366807827
30375 -1.96321124057
6621 -1.96272695468
34036 -1.96216702956
62170 -1.96196337109
49348 -1.96133445426
1173 -1.96126327194
8536 -1.96039540813
83380 -1.95879962217
29532 -1.95807178906
33991 -1.95726918365
42000 -1.95669819434
73176 -1.95647569173
21595 -1.9564193478
21919 -1.95569701725
62777 -1.95487302555
11884 -1.95481504178
16329 -1.95467999572
45447 -1.95294137597
47734 -1.95268806807
38721 -1.95253939035
33489 -1.95224420196
30566 -1.95217646584
44624 -1.95202518118
62943 -1.95167748673
42694 -1.95108507086
15458 -1.95104859707
11013 -1.9505174696
2922 -1.95009371753
43760 -1.94935950643
11098 -1.94889088938
20004 -1.94803019791
16516 -1.94764857368
30404 -1.94747466254
63352 -1.94747466254
37269 -1.94704042443
61829 -1.94692246728
83899 -1.94666286689
9732 -1.94659284323
36792 -1.94527588079
67104 -1.94525451897
39102 -1.94518026428
22872 -1.94486674772
29940 -1.94466919472
23359 -1.94374227887
20605 -1.9420743241
80351 -1.94065541946
38972 -1.94058106766
21733 -1.94023256963
65854 -1.9398505681
4666 -1.9382730484
82119 -1.93797115537
34950 -1.93732532844
16504 -1.9371409511
24976 -1.93648805403
12930 -1.93494575918
26103 -1.93463888583
23985 -1.93429718453
31034 -1.93415822486
39679 -1.93333654182
2187 -1.93255030219
27963 -1.93241843984
32837 -1.93207089529
41565 -1.93154115468
38202 -1.9314301793
906 -1.93069951866
37461 -1.92881268908
17692 -1.92862732375
13995 -1.92759720427
12694 -1.92754464701
37554 -1.92671292196
30958 -1.92653976523
25919 -1.92651636307
36516 -1.92627202065
37905 -1.92580463205
44405 -1.92579791107
70528 -1.92375959799
56327 -1.92363945094
363 -1.92271341413
13860 -1.92262800806
44858 -1.92253373423
63909 -1.92239904282
76515 -1.92165873898
63199 -1.92023729453
64131 -1.92023729453
65568 -1.92005122559
18550 -1.91901259657
35694 -1.91890960256
46802 -1.91857817774
65109 -1.91857817774
76566 -1.91857817774
86819 -1.91857817774
33193 -1.91856356376
70207 -1.91711062588
30489 -1.91615281411
42857 -1.91548013833
10301 -1.91422531092
57318 -1.91417398302
760 -1.91384963009
45590 -1.91355967053
12393 -1.91317499592
26018 -1.91265233667
53892 -1.91064339259
83426 -1.9106237954
13164 -1.90959878368
19457 -1.90952228266
19576 -1.9092881246
69000 -1.9087544529
44202 -1.90875227057
36722 -1.90862000665
39898 -1.90860161568
20090 -1.90849291348
14334 -1.90809817729
45290 -1.90784815281
84156 -1.90683029513
47957 -1.90645438699
19927 -1.90616508997
60377 -1.90483027953
10363 -1.90481269572
4323 -1.90354072416
12121 -1.90328388015
84495 -1.90289053291
8586 -1.9023080677
52683 -1.90199327013
18181 -1.89873247805
21535 -1.89812071141
12926 -1.89779462966
30295 -1.8974426277
32202 -1.89698859866
82883 -1.89635975354
19451 -1.89565920583
17025 -1.89555984847
57171 -1.89551273553
51657 -1.89520479024
49373 -1.89503420257
33105 -1.8948408629
27791 -1.89401770672
39139 -1.89318175803
23822 -1.89253664715
5009 -1.89246755913
74358 -1.89243560796
44937 -1.89224563156
40201 -1.89117803066
61569 -1.89107583567
38218 -1.89025657988
42287 -1.89003473623
45846 -1.89003473623
50729 -1.88980106286
26630 -1.88880133178
47106 -1.88835084385
25031 -1.8877203992
66287 -1.8872530096
31222 -1.88534339519
11095 -1.88503016656
36541 -1.88485594896
25812 -1.88446542643
7451 -1.88329710272
78818 -1.88321559204
74327 -1.88299932605
52809 -1.88204780659
81533 -1.88175700635
23491 -1.88169654213
27715 -1.88070479126
5749 -1.88040734128
43213 -1.87993360238
53954 -1.87913760366
36583 -1.87877288335
33762 -1.87717415192
35424 -1.87717415192
38796 -1.87717415192
69490 -1.87717415192
69892 -1.87717415192
55153 -1.87684062892
42967 -1.87676492617
2290 -1.87650200926
83278 -1.87620733263
40047 -1.87618048791
46193 -1.87604169499
56866 -1.87530967809
12533 -1.87434970881
37409 -1.87403535847
74010 -1.87295890425
86588 -1.87269283282
63639 -1.87206972109
17941 -1.87204381153
8749 -1.87181385879
22185 -1.87135520255
41741 -1.87095854733
44545 -1.86782769511
33450 -1.86773401897
54411 -1.86629607166
15317 -1.86620979265
40696 -1.86529045146
87104 -1.86516300449
83217 -1.8641688883
27822 -1.8637960575
12874 -1.86370533821
40958 -1.86341894022
76806 -1.86323825311
10761 -1.86189241388
17873 -1.8612962269
45259 -1.86102452204
18763 -1.86090792521
7814 -1.86040629981
53373 -1.85807422311
8299 -1.85802006849
47030 -1.85739761131
29282 -1.85724065811
49754 -1.85708192234
12340 -1.85654015823
24373 -1.85653677372
30491 -1.85637150195
7765 -1.85566718485
34250 -1.85536448071
34539 -1.85510459315
27957 -1.85476713606
31019 -1.85422293799
12020 -1.85291128017
63569 -1.85237927385
7579 -1.8517067719
422 -1.85024877462
75355 -1.84964641155
1285 -1.84870638936
24932 -1.84835705251
85800 -1.84835705251
81416 -1.84824023611
2006 -1.84788449557
88038 -1.84767351127
37670 -1.84767056648
85911 -1.84761312664
21027 -1.84711019927
50989 -1.84669442449
66447 -1.84666136201
39103 -1.84607621142
43693 -1.84589394325
22440 -1.84587585144
64266 -1.84580865763
14744 -1.84565184689
51149 -1.84539262103
43950 -1.84436445389
41879 -1.84430446471
22757 -1.84341265477
45818 -1.84334948115
27890 -1.84270471744
20934 -1.84233385478
35221 -1.84210085191
13450 -1.84165959357
40359 -1.84123583101
25622 -1.83912266473
28182 -1.83883378291
4890 -1.83857614686
28003 -1.83849440804
25477 -1.83726995995
80314 -1.83690830152
82775 -1.83667040322
22340 -1.83605776424
50491 -1.83599425995
88724 -1.83598640473
10125 -1.83558447009
27020 -1.83401565466
11459 -1.83293515387
1456 -1.83281235021
32418 -1.83241599444
21396 -1.83219154905
48174 -1.83179880113
41579 -1.8317747643
44692 -1.8317747643
65294 -1.8317747643
23004 -1.83153162188
24287 -1.83129824238
41514 -1.83018559042
42693 -1.82991172386
38872 -1.82947127537
38458 -1.82888738603
82944 -1.82879572339
28868 -1.82721363579
25564 -1.82717979022
34815 -1.82674209855
76012 -1.82534380647
38844 -1.82519840006
27572 -1.82467613706
23512 -1.82464300055
47873 -1.82463749552
40896 -1.82426707039
88857 -1.8239796494
17342 -1.82369124725
13302 -1.82243976599
16023 -1.82234987036
25823 -1.82173067425
46940 -1.82130062718
83306 -1.82065735228
52333 -1.82052618733
29663 -1.82041533952
69476 -1.81997930719
49566 -1.81982708732
28761 -1.81868244647
89328 -1.81800016535
39591 -1.81781160868
62694 -1.81725505134
41015 -1.81675615557
47991 -1.81675615557
60427 -1.81572206146
66139 -1.81572206146
64196 -1.81562893555
20580 -1.81547409579
38439 -1.81547151654
56851 -1.81498356967
19994 -1.81489573238
47880 -1.8145131441
9937 -1.81422948158
41257 -1.81384269796
36322 -1.81290301381
38704 -1.81142732394
34442 -1.81097889999
34243 -1.80982579721
76926 -1.80902517564
46787 -1.80899090573
44167 -1.80892037535
22374 -1.80805477452
84125 -1.80803438759
29054 -1.80783954029
21043 -1.80671669503
33342 -1.80556369796
30985 -1.80528030988
70614 -1.80493150559
16304 -1.80485565588
34651 -1.80452597305
49032 -1.80447986691
22829 -1.80428640245
33008 -1.80339640538
55999 -1.80284674008
33628 -1.80255757439
37580 -1.80233527147
6821 -1.80169273757
25444 -1.80127485646
5245 -1.80111323471
89466 -1.80109887158
29122 -1.80090205376
24450 -1.79955614086
37605 -1.79879548193
81279 -1.79844840107
41403 -1.79839218568
30407 -1.79822364746
26643 -1.79812297483
37368 -1.79758694415
44440 -1.79726710244
28362 -1.79638565629
10860 -1.79630047693
63564 -1.79607534205
37519 -1.79607478008
36037 -1.79577008138
84974 -1.79552918365
32884 -1.79501055424
54774 -1.79343868537
47448 -1.79215464896
69866 -1.79203250533
44601 -1.79179871074
45239 -1.79179871074
87857 -1.79179871074
70675 -1.79166804952
37780 -1.79116772764
73114 -1.79116772764
76173 -1.79116772764
44219 -1.79094534789
20963 -1.7901475086
65634 -1.789791066
39541 -1.78931892763
66178 -1.78855380669
344 -1.78837930632
44577 -1.78823564099
48622 -1.78808224911
40540 -1.78772718203
22844 -1.78651938899
82616 -1.78601925035
39909 -1.78552387603
25241 -1.78519645519
21026 -1.78502291207
29088 -1.78492952675
44391 -1.78490501478
24646 -1.78474495837
23962 -1.78435835548
63244 -1.78416378985
35688 -1.78409405423
7575 -1.7840580333
2289 -1.78403944197
37761 -1.78392506765
55639 -1.78366185411
10172 -1.78335860037
40550 -1.78317601521
35599 -1.78227138858
45809 -1.78213307679
43978 -1.78171698058
30530 -1.78157642345
70009 -1.7815323734
39619 -1.77987250145
30500 -1.7798068415
11429 -1.77977351484
50718 -1.77929313846
76405 -1.77927967082
35745 -1.7784370328
31597 -1.77829072251
49872 -1.7781841525
34318 -1.77795184696
32523 -1.77787923072
65372 -1.7767909348
36004 -1.77664931863
43775 -1.77664931863
29549 -1.77645405154
39627 -1.77588110008
31355 -1.77575952288
86946 -1.77547924882
18910 -1.77543340282
47167 -1.77542531993
47513 -1.77482474646
14593 -1.77471190897
12752 -1.77423325601
13539 -1.77320717552
35591 -1.77318476369
84087 -1.77318476369
40484 -1.77304089496
19189 -1.77288475689
14766 -1.77276011405
37187 -1.77228874383
58563 -1.77065773232
84025 -1.77065773232
45424 -1.77017220288
22221 -1.76988129041
71733 -1.76964512371
31130 -1.76913855688
82266 -1.76910267601
76548 -1.76904309468
18466 -1.76880713757
24324 -1.76866892105
47262 -1.76834681734
41442 -1.7679903099
48224 -1.76789814971
27404 -1.76785627392
25463 -1.76678238636
33769 -1.76624955063
48273 -1.7660335039
26065 -1.76598218808
24036 -1.76562195519
21189 -1.76524205622
76298 -1.76462749914
68315 -1.76410163381
24772 -1.76311431605
13391 -1.76248331429
74955 -1.76143247533
12684 -1.76114089614
26238 -1.76111440699
2919 -1.76059197702
2709 -1.76058914829
49232 -1.76029453119
72350 -1.76018105276
50560 -1.75970659607
77007 -1.75968379435
12621 -1.75928115698
33368 -1.75924358564
9927 -1.75917012388
47186 -1.75916964806
80937 -1.75864426613
47807 -1.75724606073
66466 -1.75671611783
45408 -1.75602293061
11890 -1.75564237362
16017 -1.75525120247
23826 -1.75520639096
39081 -1.75520639096
37735 -1.75375577717
67501 -1.75335661247
32607 -1.75321085234
46397 -1.75297024475
31150 -1.75271751541
29061 -1.75247996697
67789 -1.75220604114
81741 -1.75220604114
13340 -1.75193707795
39485 -1.75120596247
32093 -1.75094691662
83686 -1.75094691662
15519 -1.75034631518
41061 -1.74999025877
43384 -1.74998426431
86121 -1.74875070033
49191 -1.74847808614
28522 -1.74799621455
31571 -1.74707932412
35563 -1.74693702726
36709 -1.74636009041
23017 -1.74613198966
29644 -1.74588273804
18947 -1.74583053406
84670 -1.7453918836
49888 -1.74446182183
16331 -1.74422267722
24596 -1.74391287321
28493 -1.74346284428
66478 -1.74336740747
59753 -1.7425707572
18934 -1.74254818289
55320 -1.74225962429
40613 -1.74197704489
49480 -1.74197704489
34535 -1.74100648013
58468 -1.74057638195
44591 -1.74057265337
23918 -1.7402408735
19089 -1.74002814812
20638 -1.73914642284
61573 -1.73914642284
21348 -1.7390310279
43183 -1.73867527364
68967 -1.73833406632
71855 -1.73833406632
55152 -1.7381211144
55316 -1.73774860808
48956 -1.73726274629
40071 -1.73630776086
40541 -1.73629040296
2075 -1.73570961139
34622 -1.73558529522
31359 -1.73495190319
5221 -1.73467787061
24386 -1.73395622961
53238 -1.73377859334
86286 -1.73377227849
897 -1.73376970345
15258 -1.73369828043
18627 -1.73363411765
30747 -1.73335622729
17638 -1.7328420674
23472 -1.73241818983
37006 -1.73209626977
36680 -1.73190673757
34968 -1.73139929477
23909 -1.72955186627
40509 -1.72889139297
34638 -1.72865069578
9992 -1.72811623504
33299 -1.72797277082
26840 -1.72634935978
14606 -1.72620040779
86983 -1.72608365625
17136 -1.72505007321
63413 -1.72414992466
26546 -1.72367932187
34795 -1.72307263765
31420 -1.72257634449
70674 -1.72251110345
61816 -1.7219361007
34954 -1.72179395017
68506 -1.72157578728
45052 -1.72007320795
47630 -1.7196991938
48426 -1.71908356951
77630 -1.71906029062
622 -1.71888513813
37043 -1.71794142021
3182 -1.71793212753
32628 -1.71783642055
24028 -1.71730663866
51452 -1.71676072403
5725 -1.71633169872
49203 -1.71627734891
73943 -1.71581687685
49184 -1.71571644744
22730 -1.7153546334
42744 -1.71529666466
2256 -1.71463460531
85573 -1.71402685809
67504 -1.71402616611
6217 -1.71395334601
3671 -1.7134964785
17476 -1.71338298908
30998 -1.71308731311
47872 -1.71257261823
25990 -1.71227085396
38158 -1.71201852722
24833 -1.71175858427
69789 -1.71152957996
47723 -1.71151994586
39526 -1.7111595313
19581 -1.71038735977
60148 -1.71004355923
25070 -1.70947296535
59039 -1.70894320209
59978 -1.70890937819
34525 -1.70787406983
48692 -1.70778162333
31816 -1.70758007811
58189 -1.70758007811
14459 -1.70617489703
32118 -1.70467160988
47230 -1.70454504234
36671 -1.7044500882
44814 -1.70435044981
24615 -1.70426392431
48184 -1.70425397035
45765 -1.70376334771
32463 -1.70295303177
42024 -1.70245074114
27510 -1.70168179571
24730 -1.70136281764
26679 -1.70127355097
31093 -1.70120276844
83101 -1.70106681353
65619 -1.69830475428
29358 -1.69805951152
34543 -1.69805951152
72935 -1.69742379605
13078 -1.69695329717
21625 -1.69687913329
31467 -1.69651556125
55834 -1.69638972008
72373 -1.69638972008
79790 -1.69638972008
5780 -1.69603971075
32365 -1.69574134336
44509 -1.6949123611
63558 -1.69471843012
33221 -1.69422029742
38650 -1.69414963985
28729 -1.69338129695
53947 -1.69294233932
28832 -1.69287476417
64481 -1.69245216537
47905 -1.69175577099
28339 -1.69034975221
76569 -1.68918912869
48187 -1.68887297781
87598 -1.68867757512
37056 -1.68859350816
21802 -1.6878335648
41181 -1.68760707087
32358 -1.68752965953
29868 -1.68716719014
3380 -1.68685330659
14274 -1.68675609814
86603 -1.6859655486
74341 -1.68562933143
36619 -1.68482476943
16064 -1.68391722043
85244 -1.68338466966
33585 -1.68309753004
32164 -1.68273072813
10359 -1.68252275115
14075 -1.68245772777
63583 -1.68235050443
75252 -1.68235050443
60391 -1.68187289344
10322 -1.68185610379
37653 -1.68115378131
9513 -1.68086728052
33767 -1.68080444916
74838 -1.6805023086
15658 -1.68012917052
23673 -1.67814918242
36363 -1.67611248183
85691 -1.67597115836
65908 -1.67548972671
31694 -1.67547953985
41296 -1.67504824007
28212 -1.67446396192
44990 -1.674015473
30483 -1.67397531129
18277 -1.67322689048
78817 -1.67207650859
5987 -1.67180493398
49776 -1.67175318502
27571 -1.67101207979
1956 -1.67021724053
33480 -1.67004743446
61081 -1.66904749118
33088 -1.66786411012
67781 -1.66774437377
74256 -1.66768798517
88483 -1.66768798517
11720 -1.66732685681
18628 -1.66728170787
68027 -1.6671588116
7499 -1.66688796269
20929 -1.66685842514
3969 -1.66669282558
26105 -1.66654353139
28602 -1.66617089473
35709 -1.66586976442
53037 -1.66562965044
17663 -1.6655540568
82681 -1.66510559017
5334 -1.66483474755
45033 -1.66326707682
83853 -1.6622173701
17079 -1.66154936253
84581 -1.66111366313
28462 -1.6609862408
18330 -1.66072740752
2563 -1.66061348154
48670 -1.66053874891
55666 -1.66009272519
20293 -1.65982955023
7262 -1.65946879514
11384 -1.65872328259
36659 -1.65828693014
39957 -1.65826191081
38990 -1.65741384849
14906 -1.65645145926
38658 -1.65643015695
80592 -1.65637381478
30791 -1.6559136959
30916 -1.65550936725
27125 -1.65491610695
72142 -1.65467817737
84706 -1.65467817737
21992 -1.65445349833
2467 -1.65430112355
46293 -1.65424234657
32497 -1.65399409804
22040 -1.65374679097
44698 -1.65353422226
55540 -1.65353422226
61719 -1.65353422226
71329 -1.65353422226
82970 -1.65351204856
22825 -1.65297163247
33179 -1.65274788693
52925 -1.65255608503
4347 -1.65189744635
14412 -1.65154036627
7670 -1.65128332479
77029 -1.65126079662
4709 -1.65125295965
39288 -1.65117157526
21825 -1.65116664659
3038 -1.65110150195
1893 -1.65097836568
72131 -1.64953364606
13560 -1.64785529989
7662 -1.6474500159
25160 -1.64667077026
24567 -1.64652270951
44385 -1.64639262934
35277 -1.6458897208
40341 -1.64584124012
60143 -1.64578889933
48774 -1.64559143468
44316 -1.64518407273
16801 -1.64501237686
21365 -1.64484788841
86199 -1.6447173106
35286 -1.6443881828
24873 -1.64417687149
77875 -1.6440892456
40725 -1.64273067666
23318 -1.64206806613
75786 -1.64205430935
57979 -1.64147435857
4222 -1.64117897905
26575 -1.63924321907
31202 -1.63881894594
55824 -1.63859590035
16127 -1.6380670524
74943 -1.63758197858
24600 -1.63754977738
12802 -1.63715127592
22604 -1.636747319
32818 -1.63640036148
24356 -1.63592411295
9158 -1.63557142158
21319 -1.63459396591
23432 -1.63422005594
11994 -1.63397505886
78369 -1.63352845666
41038 -1.63126109555
24933 -1.63105281869
40150 -1.63050561138
11157 -1.62997157872
45331 -1.62914238449
32779 -1.62894280377
40755 -1.62887234666
11366 -1.62865637715
85484 -1.62860692193
48518 -1.62856648468
33694 -1.62852940166
12078 -1.6284142998
29100 -1.62811133898
17423 -1.62787622548
26925 -1.62769921179
15184 -1.62710624216
26282 -1.62710352605
88253 -1.62616502768
87707 -1.62541329538
32157 -1.62505537571
16470 -1.62491950473
21038 -1.62446632448
35294 -1.62446132417
85397 -1.62446132417
43886 -1.62426740834
47727 -1.62386367774
11395 -1.62357191139
29592 -1.62221861923
59474 -1.62184540811
27443 -1.62180365972
61713 -1.6215829577
30517 -1.62091691495
66936 -1.62058925198
37246 -1.62055679403
34204 -1.61962106297
69954 -1.61949377485
13719 -1.61899287363
26964 -1.61879772764
29752 -1.61874205815
3889 -1.61844243396
76839 -1.61665953984
46056 -1.61663859437
40068 -1.61629512743
42662 -1.61629512743
69029 -1.61629512743
35396 -1.61609491577
41553 -1.61553779031
48833 -1.61545605296
43081 -1.61414887056
62464 -1.61225318367
4620 -1.61204274293
62996 -1.61185772502
72024 -1.61183054158
15730 -1.61126237847
42425 -1.61081969863
60446 -1.61079804978
34033 -1.61030683993
9168 -1.61020582791
25100 -1.6101878796
61750 -1.60992574343
57776 -1.60789953644
25369 -1.60780711508
1707 -1.6074432024
36828 -1.60726166794
6277 -1.60645370662
13596 -1.6057019332
85171 -1.60550487497
61306 -1.60531588307
18671 -1.60525244712
27964 -1.60488063374
34666 -1.604824504
19593 -1.60481847224
49302 -1.60437358864
12023 -1.60358955352
37155 -1.60358741049
21898 -1.60345826783
43779 -1.60273614262
50543 -1.60270935892
69822 -1.60270935892
21379 -1.60246057782
74009 -1.60108418155
17233 -1.60063899126
79937 -1.60038467493
41423 -1.59912783315
24685 -1.59907496802
41327 -1.59878980749
32036 -1.59845561292
46249 -1.5983764182
36369 -1.59822008564
47258 -1.59746304327
2094 -1.59675176786
34027 -1.59660991372
41687 -1.59565535603
47634 -1.59411809512
9079 -1.59399787689
22952 -1.59399424768
14519 -1.59386191436
49635 -1.59350301142
26213 -1.59346660785
79765 -1.59263608278
18158 -1.59226207003
34470 -1.59120237374
84433 -1.5907178315
49148 -1.59046105771
44595 -1.59002306106
9596 -1.58931969246
31823 -1.58931648992
40897 -1.58916718154
51612 -1.58880398829
25507 -1.58816691205
82056 -1.58806099014
1289 -1.58803224879
47500 -1.58787913123
9004 -1.58731176773
21334 -1.58663042035
43695 -1.58578414365
35813 -1.58577766312
20515 -1.585409379
59643 -1.58518586084
27161 -1.5849773566
4755 -1.58491899803
37473 -1.5840700405
27615 -1.58369500146
20844 -1.5836701335
32149 -1.5831970395
3939 -1.58313337818
86355 -1.58289959935
37260 -1.58283420073
23430 -1.5826428668
17985 -1.58259324602
23539 -1.58233595556
32223 -1.5822931889
30965 -1.58221917743
88762 -1.5818859121
44263 -1.58073460271
69252 -1.5804169184
23695 -1.58021388992
73418 -1.57998804565
23594 -1.57994394564
76094 -1.57977659239
40385 -1.57976815342
40898 -1.57790831044
56397 -1.57787579336
42227 -1.57761351194
32399 -1.5769679462
17408 -1.57633627577
70731 -1.57562957796
18556 -1.57560138053
81776 -1.57545584059
38032 -1.57520578932
19161 -1.57473823162
56632 -1.57473745177
3628 -1.57426934973
32626 -1.57400198431
85511 -1.57220256407
42798 -1.57163213756
42005 -1.57154493849
88673 -1.57143412168
28554 -1.57114489423
27985 -1.57113715916
41982 -1.57113715916
15379 -1.57060826738
71222 -1.5702463292
26252 -1.57013544433
48375 -1.57013544433
50641 -1.57013544433
85998 -1.57013544433
40179 -1.56990616131
43300 -1.56941957115
74991 -1.56930289314
48100 -1.56844156063
61658 -1.56842143371
33118 -1.56818356778
50475 -1.56794863913
38440 -1.56792083257
47549 -1.56792083257
54386 -1.56792083257
30780 -1.56775886963
37758 -1.56733844993
24049 -1.56717183304
32920 -1.56707779214
31007 -1.56687816039
53539 -1.56678733755
62869 -1.56640437741
36419 -1.56559823871
58354 -1.56547832677
26059 -1.56533496632
44583 -1.56520966426
9720 -1.56518781987
69306 -1.5649531372
9860 -1.56483297188
30195 -1.56414225836
18826 -1.56365961742
8224 -1.56346799207
69423 -1.5634477832
53392 -1.56316378794
29806 -1.56288068481
2694 -1.56239924457
35786 -1.56195052544
61619 -1.5619064562
85515 -1.56070085728
34664 -1.56051985983
45210 -1.56012686618
20366 -1.56009521893
23135 -1.5592292715
35946 -1.55918590923
16759 -1.55906114324
12250 -1.55894103555
9801 -1.55886828147
53272 -1.55796732893
79553 -1.55796732893
80136 -1.55796732893
49125 -1.55793872476
12715 -1.5579287713
42200 -1.55744259451
24941 -1.55715451194
85294 -1.55708341212
1359 -1.55621613998
29584 -1.55596739595
25603 -1.55584831792
40307 -1.55584484238
37385 -1.55535572672
22625 -1.55521021457
19644 -1.55510223507
9617 -1.55435541473
28134 -1.55373103067
30301 -1.55332974165
51912 -1.55298475015
31783 -1.5529257773
36587 -1.55263326332
34900 -1.55222474976
38902 -1.55180091062
19345 -1.55150938713
5207 -1.55145360151
10344 -1.5510132744
21035 -1.55077288759
60883 -1.55046467225
34671 -1.55041549746
16227 -1.55021463932
33624 -1.54996502059
5845 -1.5499444093
54673 -1.54982277805
67769 -1.54973118098
34072 -1.54945183045
6999 -1.54933691609
2612 -1.54832538636
69090 -1.54821878839
55821 -1.54813806579
42463 -1.54760853726
76989 -1.54728713586
19660 -1.54722503826
36120 -1.54715017537
88477 -1.54708218436
45251 -1.54702400112
75150 -1.54672197425
26549 -1.54598279779
29475 -1.54578278531
48573 -1.54548640773
8556 -1.54502060237
57299 -1.54477385123
29602 -1.54451101494
3692 -1.54446000205
46425 -1.54426261618
42712 -1.54403743273
74946 -1.54403680469
14241 -1.54215172907
17034 -1.54189412122
64168 -1.54176864144
58209 -1.54148647463
43940 -1.54114525844
31618 -1.54061222398
63945 -1.54049132549
9379 -1.53989448429
14003 -1.53976189955
11893 -1.53975976375
38356 -1.53974057763
28623 -1.53956672519
16334 -1.53906475512
19385 -1.5387644453
8076 -1.53775390221
84110 -1.53740394435
82912 -1.53713404434
2362 -1.53663697009
60158 -1.53608726617
18499 -1.53551063078
28068 -1.53543169655
971 -1.5353581293
51284 -1.53328808525
44894 -1.53328380352
31626 -1.53264992482
6862 -1.5322857591
47215 -1.53176774683
46179 -1.53164950448
13048 -1.53115640662
32936 -1.53069595244
53996 -1.53060314996
31998 -1.53054725948
8574 -1.52960709922
25831 -1.52930271981
21231 -1.5292489589
31288 -1.52899060397
65934 -1.52862380833
35425 -1.52772841681
35107 -1.5274184206
22136 -1.52736327724
21842 -1.52659047113
11177 -1.52641417437
11823 -1.5263501725
88420 -1.52626828378
37333 -1.52623422756
33160 -1.52612441694
26438 -1.52610871687
29270 -1.52603642293
40018 -1.52565996633
4388 -1.52523810235
46248 -1.52513402194
20131 -1.52498906067
37641 -1.52485228161
3284 -1.52403677356
47380 -1.52403464936
69034 -1.52385217283
35527 -1.52303225165
45875 -1.52169018874
2147 -1.52051499981
22427 -1.52032148607
86047 -1.52014330037
41415 -1.52013250433
39207 -1.52003611598
35473 -1.51998923319
14751 -1.51952115097
46048 -1.51949750787
8629 -1.51919935956
80539 -1.51904610524
38209 -1.51885139765
25734 -1.51873447103
38681 -1.51863165548
49863 -1.51796492943
3456 -1.51760139034
45128 -1.51718902742
76048 -1.51696526666
31883 -1.51519995062
41412 -1.51507112065
35440 -1.51481364299
37705 -1.51371015536
734 -1.5134009362
38913 -1.51329406479
3682 -1.51325752792
9721 -1.51312097484
11940 -1.51289240566
2740 -1.51216799073
46256 -1.51103055088
19954 -1.51092770909
328 -1.51052488707
20846 -1.5100572162
50355 -1.50999743106
7943 -1.50994795026
27735 -1.50989665
29057 -1.50980748619
56549 -1.50967563889
68308 -1.50958631443
31811 -1.50957363732
24927 -1.50917763352
48952 -1.50848756182
43021 -1.50837042251
45189 -1.5083325176
30658 -1.50807517715
43284 -1.50797799252
69293 -1.50764020421
28781 -1.50761130966
6782 -1.50752189205
30266 -1.50738320815
33923 -1.50738320815
2235 -1.50710159992
20169 -1.50703649222
38718 -1.50691822582
20905 -1.50541069449
23992 -1.50529500464
76079 -1.5044895948
40965 -1.50444779294
21179 -1.50423435061
69682 -1.50347345215
46738 -1.50284285742
3564 -1.50276177324
39295 -1.50207296493
38755 -1.5020689974
35686 -1.50200284664
35071 -1.50184736528
12396 -1.50131426865
29427 -1.50091714291
32782 -1.50079979371
69312 -1.50078822178
23717 -1.50074082167
48770 -1.50056029711
81645 -1.50042580779
63712 -1.50026579659
20155 -1.5
21443 -1.5
25951 -1.5
89259 4.5
89190 4.5
89160 4.5
88579 4.5
88383 4.5
87991 4.5
87945 4.5
87879 4.5
87799 4.5
87725 4.5
87639 4.5
87344 4.5
87332 4.5
87042 4.5
86386 4.5
86380 4.5
85938 4.5
85402 4.5
84829 4.5
84794 4.5
84534 4.5
84392 4.5
84240 4.5
83227 4.5
82870 4.5
82828 4.5
82760 4.5
82559 4.5
82427 4.5
82405 4.5
82096 4.5
81829 4.5
81618 4.5
81445 4.5
81353 4.5
81300 4.5
80945 4.5
80909 4.5
80730 4.5
80409 4.5
80236 4.5
79874 4.5
79293 4.5
79154 4.5
79073 4.5
78841 4.5
78834 4.5
78718 4.5
78480 4.5
78095 4.5
77886 4.5
77768 4.5
77529 4.5
77426 4.5
77411 4.5
77322 4.5
77195 4.5
76799 4.5
76590 4.5
76110 4.5
76030 4.5
75911 4.5
75901 4.5
75850 4.5
75832 4.5
75677 4.5
75327 4.5
75218 4.5
74895 4.5
74743 4.5
74255 4.5
74151 4.5
73787 4.5
73334 4.5
73256 4.5
72691 4.5
72260 4.5
72202 4.5
71373 4.5
70644 4.5
70281 4.5
69798 4.5
69751 4.5
69734 4.5
69649 4.5
69424 4.5
69123 4.5
68901 4.5
68362 4.5
68204 4.5
67514 4.5
67122 4.5
67041 4.5
66886 4.5
66884 4.5
66846 4.5
66639 4.5
66474 4.5
66152 4.5
65601 4.5
65126 4.5
65005 4.5
64089 4.5
63804 4.5
63694 4.5
63399 4.5
63060 4.5
63051 4.5
62618 4.5
62536 4.5
62398 4.5
62396 4.5
62261 4.5
62066 4.5
61865 4.5
61720 4.5
61612 4.5
61300 4.5
61086 4.5
60973 4.5
60613 4.5
60354 4.5
60165 4.5
60142 4.5
60137 4.5
60125 4.5
59949 4.5
59699 4.5
59660 4.5
59222 4.5
59174 4.5
59161 4.5
58801 4.5
58741 4.5
58707 4.5
58474 4.5
58224 4.5
58206 4.5
58066 4.5
58052 4.5
57988 4.5
57349 4.5
57116 4.5
56983 4.5
56686 4.5
56318 4.5
56121 4.5
55698 4.5
55445 4.5
55421 4.5
55383 4.5
55381 4.5
55341 4.5
54898 4.5
54867 4.5
54862 4.5
54857 4.5
54798 4.5
54206 4.5
54176 4.5
54126 4.5
52360 4.5
52082 4.5
51524 4.5
51239 4.5
51041 4.5
50763 4.5
50512 4.5
50413 4.5
50326 4.5
50284 4.5
50227 4.5
50166 4.5
50020 4.5
49674 4.5
49601 4.5
49357 4.5
49166 4.5
49102 4.5
48719 4.5
48480 4.5
48229 4.5
48115 4.5
47842 4.5
47736 4.5
47565 4.5
47301 4.5
46722 4.5
46591 4.5
46252 4.5
46202 4.5
46153 4.5
46144 4.5
45438 4.5
45413 4.5
45087 4.5
44670 4.5
44086 4.5
43803 4.5
43649 4.5
43566 4.5
43263 4.5
43236 4.5
43087 4.5
42790 4.5
42668 4.5
42477 4.5
42241 4.5
42088 4.5
41941 4.5
41162 4.5
40786 4.5
40665 4.5
40434 4.5
39852 4.5
39639 4.5
39143 4.5
38730 4.5
38727 4.5
38422 4.5
37294 4.5
37058 4.5
36731 4.5
36391 4.5
36187 4.5
36128 4.5
35581 4.5
35314 4.5
34505 4.5
34487 4.5
34209 4.5
33943 4.5
33815 4.5
33108 4.5
32974 4.5
32794 4.5
32382 4.5
32019 4.5
31493 4.5
30954 4.5
30925 4.5
30775 4.5
30289 4.5
30170 4.5
28786 4.5
28312 4.5
28306 4.5
28142 4.5
28127 4.5
28065 4.5
27784 4.5
27634 4.5
27017 4.5
26909 4.5
26130 4.5
25657 4.5
24961 4.5
24914 4.5
24763 4.5
24741 4.5
24735 4.5
24694 4.5
24617 4.5
23913 4.5
23810 4.5
23269 4.5
22077 4.5
18946 4.5
18795 4.5
11613 4.5
49628 4.37621490892
68842 4.36730500621
54307 4.36730500621
41411 4.36730500621
72363 4.35696725489
76755 4.33056761792
17189 4.32672195298
66778 4.31334181282
20221 4.31334181282
87699 4.29434969687
82567 4.29221698617
69630 4.29221698617
59770 4.29221698617
58282 4.29221698617
50221 4.29221698617
80388 4.28263242929
88233 4.26570039682
61795 4.26570039682
44092 4.26570039682
88109 4.2575088395
59126 4.2575088395
82333 4.2533118857
83441 4.23645508902
66648 4.23514100459
78570 4.23142584
74357 4.23142584
73040 4.23142584
62488 4.23142584
44222 4.23142584
34196 4.23142584
26100 4.23142584
76084 4.21473375157
68862 4.21139785593
32633 4.21139785593
30930 4.21139785593
87927 4.18540530171
86282 4.18540530171
84962 4.18540530171
83219 4.18540530171
80684 4.18540530171
78264 4.18540530171
76120 4.18540530171
75984 4.18540530171
73279 4.18540530171
72017 4.18540530171
69518 4.18540530171
68433 4.18540530171
64203 4.18540530171
61955 4.18540530171
54647 4.18540530171
54367 4.18540530171
46210 4.18540530171
45872 4.18540530171
45190 4.18540530171
32729 4.18540530171
65008 4.18107523608
61764 4.18107523608
48457 4.18107523608
33045 4.18107523608
62410 4.14866701295
48177 4.14363272335
76270 4.13901368966
88866 4.12035213723
88239 4.12035213723
86480 4.12035213723
84617 4.12035213723
83411 4.12035213723
83106 4.12035213723
81974 4.12035213723
80158 4.12035213723
78425 4.12035213723
77121 4.12035213723
74883 4.12035213723
72759 4.12035213723
70718 4.12035213723
67801 4.12035213723
65040 4.12035213723
63257 4.12035213723
62673 4.12035213723
58483 4.12035213723
56338 4.12035213723
54894 4.12035213723
53619 4.12035213723
52973 4.12035213723
47362 4.12035213723
46889 4.12035213723
46367 4.12035213723
45958 4.12035213723
45686 4.12035213723
44536 4.12035213723
41717 4.12035213723
35293 4.12035213723
35265 4.12035213723
76985 4.10980215752
78052 4.09622907272
75756 4.09622907272
56041 4.09622907272
36780 4.09622907272
35163 4.09622907272
23284 4.09622907272
49327 4.0922464976
29760 4.0922464976
56256 4.07657318198
28388 4.07657318198
52975 4.07011823289
35219 4.05964679195
17329 4.04482134681
32553 4.04131079614
80007 4.03427933379
78751 4.03427933379
66908 4.03427933379
34636 4.03427933379
31556 4.03427933379
48363 4.03397680844
47603 4.03381027166
77263 4.03134681047
74540 4.03076887366
38883 4.03076887366
30255 4.02950076557
83315 4.02522677794
89329 4.02138145894
87532 4.02138145894
84447 4.02138145894
80715 4.02138145894
80026 4.02138145894
76579 4.02138145894
75261 4.02138145894
68222 4.02138145894
66137 4.02138145894
64640 4.02138145894
63565 4.02138145894
59101 4.02138145894
56692 4.02138145894
55702 4.02138145894
55218 4.02138145894
51547 4.02138145894
48549 4.02138145894
48521 4.02138145894
47021 4.02138145894
46156 4.02138145894
45473 4.02138145894
45322 4.02138145894
45232 4.02138145894
45203 4.02138145894
43534 4.02138145894
43398 4.02138145894
43237 4.02138145894
42556 4.02138145894
39713 4.02138145894
39572 4.02138145894
39344 4.02138145894
39042 4.02138145894
36440 4.02138145894
35900 4.02138145894
35300 4.02138145894
34732 4.02138145894
31723 4.02138145894
30940 4.02138145894
26070 4.02138145894
25246 4.02138145894
20120 4.02138145894
45122 4.00246850903
40913 3.99411122855
37805 3.97878581928
86928 3.97583296322
43856 3.97583296322
42973 3.97583296322
42356 3.97583296322
40460 3.96831935892
56405 3.96566275218
84756 3.96118226378
86488 3.94987475423
83345 3.94987475423
81088 3.94987475423
72911 3.94987475423
72143 3.94987475423
72086 3.94987475423
68767 3.94987475423
66232 3.94987475423
62483 3.94987475423
62158 3.94987475423
59902 3.94987475423
51948 3.94987475423
50930 3.94987475423
32854 3.94987475423
32010 3.94987475423
31092 3.94987475423
28633 3.94987475423
28006 3.94987475423
79407 3.94964527107
75962 3.94964527107
75887 3.94964527107
72057 3.94964527107
67813 3.94964527107
67494 3.94964527107
62052 3.94964527107
61155 3.94964527107
49151 3.94964527107
34581 3.94964527107
34134 3.94964527107
28708 3.94964527107
69117 3.93637356763
14427 3.93342875416
32561 3.92999008575
87893 3.9168559964
81697 3.9168559964
54510 3.9168559964
39242 3.9168559964
81772 3.90881947392
81962 3.90057413853
39007 3.90057413853
27008 3.90057413853
18093 3.88570508497
55495 3.87559887264
51936 3.87392262928
30366 3.87164067052
61842 3.85992640564
87971 3.8526139058
86547 3.8526139058
85287 3.8526139058
84540 3.8526139058
84074 3.8526139058
83944 3.8526139058
81745 3.8526139058
80618 3.8526139058
77960 3.8526139058
77910 3.8526139058
77845 3.8526139058
77662 3.8526139058
71177 3.8526139058
71159 3.8526139058
70034 3.8526139058
68797 3.8526139058
65549 3.8526139058
65444 3.8526139058
64777 3.8526139058
64749 3.8526139058
61350 3.8526139058
59782 3.8526139058
59114 3.8526139058
58208 3.8526139058
56752 3.8526139058
56032 3.8526139058
55319 3.8526139058
51540 3.8526139058
51073 3.8526139058
48862 3.8526139058
48699 3.8526139058
48202 3.8526139058
45636 3.8526139058
45615 3.8526139058
43633 3.8526139058
43402 3.8526139058
42605 3.8526139058
41233 3.8526139058
40736 3.8526139058
38460 3.8526139058
38339 3.8526139058
37904 3.8526139058
34618 3.8526139058
33173 3.8526139058
30274 3.8526139058
25206 3.8526139058
25086 3.8526139058
86882 3.84174717074
71963 3.84174717074
61595 3.84174717074
34351 3.84174717074
61982 3.8375563908
48790 3.8375563908
48372 3.8375563908
47521 3.8375563908
46206 3.8375563908
42830 3.8375563908
33113 3.8375563908
17011 3.83619112364
58034 3.83234530397
88037 3.82810415053
87698 3.82810415053
83820 3.82810415053
78856 3.82810415053
78418 3.82810415053
76285 3.82810415053
70292 3.82810415053
69605 3.82810415053
64361 3.82810415053
63357 3.82810415053
62893 3.82810415053
58726 3.82810415053
53080 3.82810415053
49877 3.82810415053
48051 3.82810415053
47433 3.82810415053
44004 3.82810415053
43019 3.82810415053
40489 3.82810415053
39509 3.82810415053
30593 3.82810415053
16506 3.81827298803
49657 3.81276101007
67132 3.8077803487
40952 3.8077803487
19386 3.80349439332
41800 3.80097854256
59533 3.79886541303
71190 3.79595461434
58921 3.79595461434
43309 3.79595461434
37205 3.79595461434
22275 3.79595461434
49124 3.79002734837
39992 3.79002734837
70759 3.78896044326
61521 3.78896044326
83945 3.77885834692
22068 3.77642041269
35192 3.77260750616
65491 3.77011732015
84001 3.76843977418
40266 3.7679053251
80934 3.76638646064
79080 3.76638646064
79075 3.76638646064
72844 3.76638646064
69525 3.76638646064
65371 3.76638646064
59021 3.76638646064
58871 3.76638646064
56940 3.76638646064
48672 3.76638646064
43101 3.76638646064
42898 3.76638646064
39430 3.76638646064
28516 3.76638646064
28340 3.76638646064
24621 3.76638646064
20691 3.75476349179
31008 3.74874843837
61061 3.74630915704
66024 3.74448754867
45831 3.74448754867
25072 3.74184762467
24888 3.73832019728
80881 3.73329500148
77858 3.73329500148
65403 3.73329500148
54671 3.73329500148
51441 3.73329500148
49073 3.73329500148
35377 3.73329500148
28050 3.73329500148
26828 3.73329500148
68392 3.73141217278
43646 3.73141217278
12844 3.72666375895
44820 3.72655770348
78762 3.72513789996
46661 3.72513789996
43848 3.72513789996
42899 3.72513789996
78240 3.71404448358
76792 3.71404448358
71814 3.71404448358
67762 3.71404448358
63865 3.71404448358
63221 3.71404448358
62252 3.71404448358
59030 3.71404448358
53703 3.71404448358
36191 3.71404448358
34424 3.71404448358
40692 3.71241652387
34030 3.7079991234
51945 3.70714993945
87225 3.70481092955
37399 3.70155380436
69431 3.69901576693
57450 3.69860739642
11379 3.69860739642
56133 3.69372181622
87872 3.69302213979
63454 3.69302213979
54538 3.69302213979
54033 3.69302213979
43062 3.69302213979
23055 3.69302213979
42233 3.69084424171
84956 3.68925365756
68835 3.68925365756
43876 3.68646833141
10050 3.68646833141
87049 3.68496900207
45192 3.68348344324
22738 3.68190951714
50047 3.68099468226
36915 3.6771051594
19196 3.67383041215
44292 3.66616953793
57185 3.66284797718
18709 3.65986142171
49236 3.65729653926
82949 3.65365965632
76422 3.65365965632
71594 3.65365965632
48531 3.65365965632
42185 3.65365965632
38875 3.65365965632
32885 3.65365965632
31068 3.65365965632
40915 3.65281145009
69963 3.65217519671
67912 3.65217519671
54657 3.65217519671
29841 3.65217519671
81575 3.64784960259
58493 3.64784960259
40922 3.64784960259
86278 3.63710082016
83874 3.63710082016
83270 3.63710082016
82097 3.63710082016
81334 3.63710082016
79692 3.63710082016
73867 3.63710082016
73521 3.63710082016
72474 3.63710082016
64518 3.63710082016
63324 3.63710082016
63185 3.63710082016
63111 3.63710082016
56867 3.63710082016
56739 3.63710082016
54586 3.63710082016
54529 3.63710082016
53351 3.63710082016
49448 3.63710082016
43100 3.63710082016
41847 3.63710082016
41424 3.63710082016
38517 3.63710082016
34747 3.63710082016
34001 3.63710082016
33469 3.63710082016
33413 3.63710082016
33409 3.63710082016
32900 3.63710082016
32871 3.63710082016
29384 3.63710082016
25830 3.63710082016
23525 3.63710082016
23030 3.63710082016
45750 3.63583235522
49305 3.63154989797
47340 3.63020918471
28813 3.62937911024
83602 3.62848119762
75184 3.62848119762
26368 3.62774089614
89338 3.62559668739
63846 3.62559668739
43067 3.62559668739
73400 3.62127667678
84316 3.6202650277
87183 3.61984872054
75661 3.61984872054
75296 3.61984872054
57289 3.61984872054
54479 3.61984872054
50998 3.61984872054
26337 3.61138865097
76436 3.60872738805
47948 3.60872738805
47396 3.60872738805
45975 3.60872738805
44567 3.60872738805
60835 3.60821525359
47473 3.6069219824
88871 3.60683651674
46778 3.60370970283
45064 3.60171092611
23037 3.60171092611
78232 3.60075868372
65064 3.59940240304
27731 3.59823361095
9985 3.5934923652
68930 3.59308184095
82520 3.59008419056
76156 3.59008419056
69417 3.59008419056
67716 3.59008419056
58204 3.59008419056
57386 3.59008419056
54497 3.59008419056
49939 3.59008419056
46219 3.59008419056
45495 3.59008419056
33575 3.59008419056
33213 3.59008419056
44022 3.58613546466
33936 3.58378046841
23468 3.5832239066
85811 3.58084291061
31416 3.5798135664
18913 3.57732320628
78030 3.57718039231
67667 3.57718039231
43559 3.57689859243
40538 3.57689859243
81040 3.57553431007
21692 3.57219309008
89350 3.57169566819
49087 3.57139625574
13470 3.5697243071
64881 3.56923225805
61265 3.56708009711
53360 3.56708009711
50521 3.56708009711
45097 3.56708009711
39749 3.56708009711
39284 3.56708009711
31751 3.56708009711
44763 3.56169099142
9672 3.55999709116
61986 3.55916992631
13242 3.55897476321
84996 3.55483807068
83471 3.55483807068
82695 3.55483807068
82443 3.55483807068
79341 3.55483807068
75579 3.55483807068
70684 3.55483807068
69625 3.55483807068
69356 3.55483807068
66559 3.55483807068
66537 3.55483807068
59157 3.55483807068
47928 3.55483807068
41267 3.55483807068
40361 3.55483807068
79833 3.55398610659
76630 3.5534348567
58318 3.5534348567
54200 3.5534348567
18503 3.551653879
62498 3.54850180761
49064 3.54738891488
71931 3.54677471579
52125 3.54677471579
35526 3.54677471579
34731 3.54677471579
89091 3.54440260626
61679 3.54440260626
56102 3.54440260626
46380 3.54172150232
38848 3.54172150232
35112 3.54172150232
32474 3.54172150232
77556 3.54023579161
16250 3.54021309827
81523 3.53798234
33884 3.53726486203
61699 3.53415482335
40288 3.53253423284
37655 3.53070509912
36550 3.5282211992
83792 3.52602439405
68185 3.52398350301
51653 3.52132095466
53387 3.51674130425
81012 3.51638430006
38466 3.5155230735
59410 3.51481914516
63612 3.51297818716
18927 3.50395766314
89236 3.5
88110 3.5
87286 3.5
87196 3.5
83622 3.5
82804 3.5
81291 3.5
81278 3.5
80920 3.5
80743 3.5
80161 3.5
78739 3.5
77965 3.5
76390 3.5
76266 3.5
76123 3.5
75093 3.5
74702 3.5
73145 3.5
72158 3.5
68045 3.5
67928 3.5
67765 3.5
65121 3.5
64876 3.5
63167 3.5
62880 3.5
62677 3.5
62042 3.5
61993 3.5
61354 3.5
61223 3.5
60038 3.5
59714 3.5
59216 3.5
57775 3.5
57711 3.5
57620 3.5
57612 3.5
57187 3.5
55658 3.5
55485 3.5
55257 3.5
54842 3.5
54063 3.5
54029 3.5
53255 3.5
52956 3.5
50802 3.5
50692 3.5
50068 3.5
49998 3.5
49470 3.5
48628 3.5
48385 3.5
48043 3.5
47388 3.5
46220 3.5
45776 3.5
45309 3.5
44177 3.5
43397 3.5
42659 3.5
42565 3.5
40417 3.5
39943 3.5
39177 3.5
38793 3.5
38319 3.5
35175 3.5
34983 3.5
34203 3.5
33955 3.5
33398 3.5
31635 3.5
31204 3.5
29994 3.5
29498 3.5
29426 3.5
27908 3.5
26654 3.5
26318 3.5
25697 3.5
25399 3.5
23421 3.5
21523 3.5
18532 3.5
18171 3.5
39035 3.49991409381
48566 3.49917752899
16091 3.49762359283
40017 3.49735143159
73807 3.49693017743
58842 3.49693017743
42695 3.49693017743
25028 3.49656606658
88520 3.49634957884
53811 3.49634957884
41924 3.49634957884
76333 3.49549813702
65309 3.49549813702
47899 3.49549813702
40935 3.49549813702
80160 3.49412868267
78493 3.49412868267
77445 3.49412868267
76497 3.49412868267
56344 3.49412868267
41816 3.49412868267
40831 3.49412868267
33406 3.49412868267
32980 3.49412868267
32059 3.49412868267
31667 3.49412868267
29176 3.49412868267
28082 3.49412868267
41716 3.49403154405
27089 3.4936926481
13374 3.49265301364
33020 3.48874004531
38296 3.48564874657
50938 3.48488021345
36000 3.48222834487
70486 3.47941912749
84840 3.47928511565
64475 3.47637233519
48761 3.47637233519
34050 3.47637233519
31453 3.47637233519
22161 3.47637233519
40184 3.47331638575
49812 3.47126687929
23266 3.46262826121
86943 3.46170510728
25956 3.46066053289
46728 3.45712870388
73431 3.45681612337
28777 3.45680421488
13234 3.45609096846
23560 3.4557412683
69995 3.4539639994
62811 3.45260428669
61508 3.452589071
42590 3.4512022435
63066 3.44750146528
46014 3.44675640467
32547 3.44675640467
31413 3.44627227422
67770 3.44164853349
20006 3.44164853349
33640 3.44123529001
12297 3.4405548774
15152 3.43966201573
86728 3.43549173592
81707 3.43549173592
73116 3.43549173592
43553 3.43549173592
42650 3.43549173592
31112 3.43549173592
68976 3.43532748931
23167 3.43532748931
25744 3.43430925091
24618 3.43430925091
46934 3.43423743593
44112 3.42716020614
23231 3.42202095022
40693 3.4218095709
60378 3.42031012759
68336 3.42014000889
49864 3.42014000889
43807 3.42014000889
42071 3.42014000889
85810 3.41635739037
82589 3.41635739037
77593 3.41635739037
70958 3.41635739037
69816 3.41635739037
64826 3.41635739037
58489 3.41635739037
56265 3.41635739037
56159 3.41635739037
50116 3.41635739037
38423 3.41635739037
21725 3.41635739037
51789 3.41068113285
15294 3.40965812191
32587 3.40950682911
35613 3.40718001496
71388 3.40634505163
79049 3.40611642833
52284 3.40327122134
51136 3.40327122134
74414 3.40179227564
53928 3.40179227564
88702 3.39823374586
76993 3.39817722856
70431 3.39817722856
53481 3.39817722856
51455 3.39817722856
43433 3.39817722856
41594 3.39817722856
38761 3.39817722856
33655 3.39817722856
31957 3.39817722856
27173 3.39817722856
18014 3.39700901499
86075 3.3945446687
58058 3.39143041529
76637 3.39072622167
15295 3.39051100487
56620 3.38997221513
86080 3.38806285454
79118 3.3819435135
87266 3.38108499935
82522 3.38108499935
82156 3.38108499935
74592 3.38108499935
74241 3.38108499935
69994 3.38108499935
68891 3.38108499935
59986 3.38108499935
53598 3.38108499935
52670 3.38108499935
51047 3.38108499935
50482 3.38108499935
49867 3.38108499935
43374 3.38108499935
42221 3.38108499935
42121 3.38108499935
39769 3.38108499935
39645 3.38108499935
39244 3.38108499935
32448 3.38108499935
30870 3.38108499935
26531 3.38108499935
23626 3.37890705339
28533 3.37526303186
56406 3.37359363985
33929 3.37174842208
84619 3.36974895528
46866 3.36974895528
23337 3.36974895528
31370 3.3677755675
25602 3.36681798428
38011 3.36552710256
61872 3.36220570885
83877 3.35955168629
79568 3.35955168629
78239 3.35955168629
74197 3.35955168629
73336 3.35955168629
66641 3.35955168629
62855 3.35955168629
60257 3.35955168629
57252 3.35955168629
56464 3.35955168629
55089 3.35955168629
48185 3.35955168629
47320 3.35955168629
46985 3.35955168629
45222 3.35955168629
55091 3.35812448881
44048 3.35812448881
25980 3.35812448881
17204 3.35695615696
34283 3.35530064918
75279 3.35354383849
46046 3.35354383849
44728 3.35354383849
72447 3.35274818162
47468 3.35274818162
76960 3.35232288836
53050 3.34980389332
51971 3.34980389332
88856 3.34931220533
82258 3.34931220533
77355 3.34931220533
76360 3.34931220533
73070 3.34931220533
70572 3.34931220533
67554 3.34931220533
61560 3.34931220533
50490 3.34931220533
47801 3.34931220533
42041 3.34931220533
40721 3.34931220533
35758 3.34931220533
20106 3.34805501057
48271 3.34711224335
69487 3.33961762989
52411 3.33961762989
42006 3.33756895284
64869 3.33724701297
21412 3.33637308778
85493 3.33551750616
53492 3.33457933851
23952 3.33457933851
22890 3.33457933851
52992 3.33268058799
30213 3.33097562543
48118 3.32873035319
40105 3.32873035319
32376 3.32873035319
65781 3.32732466587
59207 3.32631552482
41521 3.32631552482
41896 3.32584914344
42929 3.32112800494
75510 3.32030438305
62305 3.32030438305
47874 3.32030438305
36171 3.32030438305
73989 3.31480143871
25915 3.31480143871
47423 3.31009925696
42891 3.30771982246
62735 3.3068543982
64828 3.30657109433
64187 3.30650035857
66823 3.30151324677
46614 3.29835543248
37898 3.29451599714
88414 3.2943701463
88119 3.2943701463
87695 3.2943701463
85925 3.2943701463
84977 3.2943701463
84686 3.2943701463
84123 3.2943701463
83512 3.2943701463
82142 3.2943701463
79196 3.2943701463
78807 3.2943701463
72214 3.2943701463
71866 3.2943701463
67664 3.2943701463
66656 3.2943701463
66486 3.2943701463
65435 3.2943701463
59353 3.2943701463
59279 3.2943701463
57640 3.2943701463
56182 3.2943701463
55731 3.2943701463
55369 3.2943701463
53210 3.2943701463
49273 3.2943701463
46045 3.2943701463
45773 3.2943701463
45074 3.2943701463
44839 3.2943701463
43914 3.2943701463
42229 3.2943701463
41779 3.2943701463
41755 3.2943701463
40946 3.2943701463
40892 3.2943701463
37932 3.2943701463
37131 3.2943701463
36553 3.2943701463
35876 3.2943701463
35816 3.2943701463
32404 3.2943701463
32083 3.2943701463
30492 3.2943701463
30238 3.2943701463
28153 3.2943701463
25309 3.2943701463
23020 3.2943701463
32216 3.29333715694
15426 3.29153925654
44998 3.28989232098
49058 3.28684059528
77268 3.28671627023
86605 3.28397340386
82328 3.28397340386
75018 3.28397340386
68515 3.28397340386
67479 3.28397340386
62933 3.28397340386
57750 3.28397340386
57410 3.28397340386
47330 3.28397340386
45621 3.28397340386
42151 3.28397340386
54539 3.28379473451
37106 3.28277489974
72194 3.28216589398
62205 3.28169199357
36488 3.28089974626
24452 3.28089974626
22884 3.28057530731
84201 3.28013243378
42383 3.27952954978
14293 3.27939617541
28788 3.27916540492
69366 3.27821333164
21061 3.27735685719
52208 3.27679613309
38620 3.27669269876
88802 3.27638489522
85348 3.27638489522
78389 3.27638489522
73469 3.27638489522
60917 3.27638489522
55505 3.27638489522
52999 3.27638489522
48621 3.27638489522
40196 3.27638489522
38449 3.27638489522
35057 3.27638489522
31052 3.27638489522
26595 3.27638489522
63699 3.27269941951
74409 3.2702350969
28288 3.26764618607
83697 3.26738501454
24415 3.26651705325
56790 3.26189016279
10234 3.26153603456
72830 3.26093204185
66038 3.25925469152
76261 3.25882974298
51565 3.25246852128
27682 3.25115045506
76598 3.25030474669
67816 3.25030474669
86972 3.24745956636
74196 3.24745956636
59570 3.24651118939
40973 3.24612259049
49288 3.24581721061
17948 3.24547154582
68002 3.24445906072
59678 3.24304706531
44655 3.24304706531
67190 3.2426383133
22076 3.24242641446
25701 3.24242213535
33925 3.24235002978
53352 3.23792174559
79148 3.23591016543
75655 3.23591016543
74246 3.23591016543
69285 3.23591016543
66430 3.23591016543
64126 3.23591016543
49992 3.23591016543
49802 3.23591016543
34093 3.23591016543
33467 3.23591016543
19071 3.23591016543
43590 3.2326845878
41265 3.2326845878
74169 3.23115049909
46510 3.22931208275
38074 3.22858687005
81897 3.22815988455
72001 3.22815988455
35130 3.22815988455
38624 3.22466545507
71331 3.22449776907
39855 3.22239912266
30063 3.22239912266
15214 3.22239912266
51386 3.22184680785
54958 3.22044761343
85241 3.22012426904
63119 3.21963454289
47673 3.21872236132
66663 3.21844518284
31334 3.21844518284
76132 3.21623823101
54587 3.21623823101
39387 3.21623823101
27263 3.21615233715
52191 3.21536473512
88632 3.21376389396
22409 3.21376389396
67294 3.21313198398
20468 3.20832877202
83751 3.20754873179
78932 3.20754873179
74265 3.20754873179
70582 3.20754873179
61469 3.20754873179
55258 3.20754873179
52944 3.20754873179
45904 3.20754873179
43961 3.20754873179
25898 3.20754873179
68054 3.20733336418
60279 3.20631261164
20014 3.20631261164
74194 3.20572220776
70512 3.20572220776
35920 3.20572220776
85609 3.20405214469
80201 3.20405214469
79729 3.20405214469
67023 3.20405214469
61614 3.20405214469
57939 3.20405214469
57385 3.20405214469
55063 3.20405214469
44560 3.20405214469
39050 3.20405214469
67445 3.20338536928
86146 3.20048527905
52577 3.19925373255
32969 3.19796611034
67980 3.19565879824
50820 3.19565879824
45129 3.19565879824
62208 3.1940740385
41892 3.18676092472
31026 3.18676092472
39960 3.18633819818
52714 3.18617847988
16099 3.1854531544
60603 3.18513350716
54720 3.17898565008
33805 3.17898565008
29018 3.17898565008
54302 3.17876863583
40092 3.17826173357
42491 3.17749694498
38137 3.1759374929
80142 3.17443488408
50347 3.1741834565
84431 3.1741192959
28550 3.17163964712
59755 3.1709354065
62370 3.16977301433
36134 3.16977301433
78024 3.169692557
84588 3.16952211564
82958 3.16845087081
74792 3.16723021765
88689 3.16607481716
40766 3.16483345292
25168 3.16482740699
58760 3.16448491153
35501 3.16401166635
82337 3.16381216083
55328 3.16306577983
34355 3.1624381392
22937 3.162122558
29036 3.16167417104
88039 3.16145791201
80765 3.16145791201
56768 3.16145791201
41535 3.15892478341
43332 3.15825567066
39709 3.15765613729
67842 3.15538224713
86811 3.15435503385
86633 3.15435503385
81134 3.15435503385
76953 3.15435503385
75816 3.15435503385
64800 3.15435503385
56630 3.15435503385
48181 3.15435503385
43373 3.15435503385
36502 3.15435503385
33001 3.15435503385
28208 3.15435503385
19819 3.15435503385
60728 3.15351547824
88359 3.15333032826
87110 3.15333032826
85518 3.15333032826
84978 3.15333032826
76791 3.15333032826
71800 3.15333032826
70081 3.15333032826
66701 3.15333032826
64916 3.15333032826
63667 3.15333032826
59970 3.15333032826
53633 3.15333032826
48112 3.15333032826
47281 3.15333032826
46047 3.15333032826
42999 3.15333032826
39566 3.15333032826
37793 3.15333032826
26038 3.15333032826
86644 3.15152868703
36396 3.15038250849
21164 3.14991703353
44778 3.14881989452
65859 3.14867260114
42250 3.1482158168
37966 3.14715072351
69089 3.14588700824
62832 3.14588700824
50109 3.14588700824
28622 3.14588700824
79683 3.14507470659
64558 3.14470086949
35026 3.14470086949
33756 3.14470086949
29509 3.14470086949
59056 3.14436512393
81610 3.14329010711
38318 3.14239011541
71713 3.14230118719
43400 3.14230118719
77293 3.1405614233
74028 3.14037944892
37182 3.13452865571
72597 3.13306133469
84603 3.13224202012
74753 3.13204112417
64901 3.13096036667
22216 3.12919632433
89407 3.12909953698
56308 3.12595152846
71778 3.12532991552
85690 3.12487157651
79777 3.12322546548
76679 3.12268557818
79232 3.12130993056
57441 3.12038259191
81718 3.11967833946
46329 3.11743557544
46539 3.11728573392
37704 3.11728573392
50818 3.11483760127
49023 3.11483760127
33474 3.11483760127
27811 3.11483760127
54800 3.11409005849
60535 3.11242429247
47616 3.111791189
40818 3.11126557131
69158 3.11039310794
66586 3.11039310794
66285 3.11039310794
65649 3.11039310794
50388 3.11039310794
45596 3.11039310794
43117 3.11039310794
40046 3.11039310794
38765 3.11039310794
34716 3.11039310794
29452 3.11039310794
28195 3.11039310794
13518 3.10948445236
42896 3.10848965248
67478 3.10738682387
78005 3.10686684755
65708 3.10311873726
53712 3.10311873726
39666 3.10192797244
32433 3.10192797244
68881 3.1016397517
56261 3.10136001647
47011 3.10067758799
86183 3.09931823779
57942 3.09931823779
27662 3.09931823779
27056 3.09931823779
24830 3.09921011277
80403 3.09866108456
60675 3.09845670543
64581 3.09775893806
20363 3.09482064912
74722 3.09224877238
41095 3.08922681772
63251 3.08908451175
42573 3.08908451175
35283 3.08908451175
78045 3.08847760757
60875 3.08847760757
50080 3.08847760757
49693 3.08847760757
48736 3.08847760757
46115 3.08847760757
38136 3.08847760757
26552 3.08847760757
36293 3.08648327294
26033 3.08575983839
24129 3.08544302969
88743 3.08506168642
44868 3.08277583731
35534 3.08115238077
74410 3.07886009454
40800 3.07882218599
41636 3.07653004993
21267 3.07564381244
48712 3.07470399397
39353 3.07452966969
31857 3.07452966969
25661 3.07452966969
18935 3.07252091261
83216 3.07214599472
18700 3.0720169271
14439 3.07129081861
31276 3.07117338795
47036 3.07069158751
54849 3.07047754487
59798 3.07008228404
42701 3.06978427931
87969 3.06765887123
49889 3.06702055637
45246 3.06664768936
49616 3.06630160581
84674 3.06555726028
46317 3.0655065377
15261 3.06502988475
45273 3.06388253041
34212 3.06308143601
88893 3.06255036484
87404 3.06255036484
85857 3.06255036484
84700 3.06255036484
83283 3.06255036484
82555 3.06255036484
80582 3.06255036484
72482 3.06255036484
69201 3.06255036484
64274 3.06255036484
48930 3.06255036484
40547 3.06255036484
35005 3.06255036484
33464 3.06255036484
24528 3.06255036484
72651 3.0611293375
86441 3.06108924874
74951 3.06054203176
48817 3.05960586177
75954 3.05920171977
56284 3.05821091201
46171 3.05795964096
23420 3.05699251414
81277 3.05550914103
80485 3.05550914103
80145 3.05550914103
60922 3.05550914103
49698 3.05550914103
44959 3.05550914103
33283 3.05550914103
39146 3.05475502691
81198 3.05294568059
76389 3.05294568059
50616 3.05294568059
78809 3.05269136233
78643 3.04879771039
86516 3.04744712562
83073 3.04744712562
82338 3.04744712562
80850 3.04744712562
79227 3.04744712562
77061 3.04744712562
76047 3.04744712562
67582 3.04744712562
64277 3.04744712562
56337 3.04744712562
50438 3.04744712562
46525 3.04744712562
44850 3.04744712562
44327 3.04744712562
44246 3.04744712562
40255 3.04744712562
39890 3.04744712562
73630 3.04716662785
79718 3.04704498454
79595 3.04689384388
45661 3.0456728553
72591 3.04417858365
32859 3.04126227687
38618 3.0398570656
63039 3.03873831652
74371 3.03848104416
20364 3.03831824903
50081 3.03707912004
62778 3.03704102135
15300 3.03604921989
36254 3.03398258388
79997 3.03371280945
79902 3.0336204496
59847 3.03165571454
50927 3.03157550877
45837 3.03157550877
34195 3.03157550877
64626 3.03155055107
84504 3.03087794347
70956 3.02898584679
38139 3.02824874415
36727 3.02824874415
61195 3.02817587618
45691 3.02817587618
30833 3.0279747482
30720 3.02700879203
58821 3.02643787191
30465 3.02554715401
74695 3.02383791884
45155 3.02060165378
39162 3.02060165378
85501 3.01954399076
66488 3.0191368664
60857 3.0191368664
54410 3.0191368664
47109 3.0191368664
38305 3.0191368664
31469 3.0191368664
55191 3.01894810921
58993 3.01719033068
72338 3.01678478918
49065 3.01670158244
61892 3.01432074885
31845 3.01422825839
70870 3.01315677957
49264 3.01256148649
64050 3.01085532999
45758 3.01082638114
76060 3.0091969755
51670 3.00673330396
66514 3.00627609035
50333 3.00542642655
62695 3.00484231495
65467 3.00402323638
88603 3.00267622271
46110 2.99988606107
84134 2.99920114501
60448 2.99920114501
30088 2.99920114501
22320 2.99920114501
21499 2.99920114501
26195 2.99725210521
46358 2.99583179094
81864 2.9956094013
80648 2.9956094013
72866 2.9956094013
72230 2.9956094013
69102 2.9956094013
68865 2.9956094013
60817 2.9956094013
53225 2.9956094013
51499 2.9956094013
45137 2.9956094013
41817 2.9956094013
40605 2.9956094013
39728 2.9956094013
38671 2.9956094013
36576 2.9956094013
36507 2.9956094013
29938 2.9956094013
17562 2.9956094013
20610 2.99220730078
85334 2.99180516532
36199 2.99168366808
44939 2.9909231101
50629 2.99039009927
47417 2.98937084801
47277 2.98854717108
79099 2.98806357866
77016 2.98806357866
71351 2.98806357866
58374 2.98806357866
43246 2.98806357866
46681 2.9847248079
66997 2.98338756651
44045 2.98338756651
21433 2.98182085893
32721 2.98093313921
70579 2.98083734961
88595 2.97793998498
63500 2.97761597921
85282 2.97724517817
49016 2.97724517817
45869 2.97724517817
43639 2.97724517817
37543 2.97724517817
28884 2.97620196792
34007 2.97602216527
88995 2.97571401006
85344 2.97568898627
80790 2.97568898627
64882 2.97568898627
68197 2.97454067512
66827 2.97448412417
39407 2.97439527989
80071 2.96972127565
55541 2.96892122004
38335 2.9683722528
51006 2.96790848429
12918 2.96779594417
84945 2.96760840245
75939 2.96703095097
80023 2.96638152183
39337 2.95976309755
89454 2.95932163679
89349 2.95872581247
86229 2.95872581247
69035 2.95872581247
67895 2.95872581247
44791 2.95872581247
60303 2.9587192877
21600 2.9573486688
55740 2.95712751054
82540 2.95664036183
41601 2.95664036183
31598 2.95631606872
45821 2.95605905069
34371 2.95473863809
79301 2.95268183591
38876 2.95235673917
42872 2.95224900944
47251 2.95223137408
34338 2.95145836479
83104 2.95132643865
6191 2.9506015375
5817 2.94737674119
59110 2.94732927595
79976 2.94710306848
84858 2.94643043691
76787 2.94643043691
74855 2.94643043691
62565 2.94643043691
39203 2.94643043691
37374 2.94643043691
37221 2.94643043691
72420 2.94566430703
47455 2.94454539996
61557 2.94421535521
83757 2.94294511119
46035 2.94281075212
19639 2.94224552215
31064 2.94116057437
33012 2.94101182187
62881 2.939414293
45134 2.93884816763
45242 2.93757677952
23302 2.93757677952
36472 2.93719432952
66548 2.93617503174
54736 2.93229948235
43954 2.93054179755
85890 2.92937419698
59893 2.92937419698
51362 2.92935743533
52068 2.92917977551
47177 2.9281231227
83594 2.92689380273
64237 2.92689380273
60267 2.92689380273
49667 2.92689380273
49467 2.92689380273
49388 2.92689380273
45856 2.92689380273
41934 2.92689380273
39640 2.92689380273
34669 2.92689380273
29234 2.92689380273
27297 2.92689380273
65035 2.92653815894
28593 2.92571507958
31234 2.92540230424
7175 2.92137015028
53570 2.91979437308
67840 2.91842039592
44125 2.91828260407
31111 2.91790943284
36229 2.91782676665
33476 2.91716248604
38859 2.91535391037
38496 2.91395515182
43184 2.91374087979
42797 2.91374087979
24470 2.91143375767
36735 2.91069728868
24742 2.90998811907
79252 2.90928721613
64680 2.90928721613
30262 2.90882133192
46912 2.90872380599
29666 2.90861074388
75134 2.90826405651
76243 2.90733047917
55352 2.90706346301
44884 2.90660276618
54393 2.90643887231
54161 2.90542663579
39072 2.90468206765
36025 2.90468206765
84599 2.90318913473
77826 2.90318913473
75538 2.90318913473
72718 2.90318913473
68717 2.90318913473
47612 2.90318913473
46170 2.90318913473
45289 2.90318913473
40321 2.90318913473
37972 2.90318913473
36969 2.90318913473
34996 2.90318913473
32131 2.90318913473
41852 2.90202891386
63390 2.9013778363
57447 2.9013778363
51258 2.9013778363
62281 2.90067140221
47318 2.89930291476
75760 2.89902935519
56514 2.89823633862
35680 2.89790412697
29640 2.89767292526
32400 2.89706742806
31548 2.89643679774
86484 2.89625554783
43905 2.89297894735
49410 2.89284273906
88936 2.89097099427
80978 2.89066276852
80045 2.89066276852
65524 2.89031460044
80106 2.89007355272
74120 2.88917356829
63787 2.88917356829
41479 2.88917356829
41022 2.88917356829
39776 2.88917356829
26384 2.88832105122
19753 2.88611018118
67302 2.88525584806
23226 2.88501338538
49624 2.88465633794
35914 2.88407975016
40139 2.88395342254
35311 2.88219424125
58275 2.88128675657
66263 2.88010651106
22202 2.87961010128
67396 2.87937107424
68953 2.87915863782
72465 2.87913976094
37286 2.87757576081
88944 2.877524208
71158 2.87688619483
65523 2.87688619483
57911 2.87688619483
51314 2.87688619483
41861 2.87688619483
37329 2.87688619483
25423 2.87688619483
22981 2.87688619483
60269 2.87581839798
36069 2.87576279208
49845 2.87532219155
85782 2.87495754883
18899 2.874756273
83625 2.87447787327
67001 2.87261269178
66907 2.87261269178
89484 2.87160820001
88240 2.867975502
81094 2.86728567265
78502 2.86728567265
37695 2.86728567265
12284 2.86559081592
23517 2.86500180205
44966 2.86485435444
73707 2.86362594658
74077 2.86099891817
25723 2.86063362788
78835 2.86015569202
58743 2.86015569202
46286 2.86015569202
36286 2.86015569202
34719 2.86015569202
32852 2.86015569202
29591 2.86015569202
22149 2.86015569202
25091 2.85992169432
58724 2.85980920119
18381 2.85711375513
30235 2.85693984908
49059 2.85318245117
31886 2.8520084416
35016 2.85188698998
63765 2.85096115771
26613 2.85096115771
37108 2.85095098412
32318 2.84978728176
82525 2.84965228907
13182 2.84774419157
86014 2.84735531908
82783 2.84735531908
81580 2.84735531908
79873 2.84735531908
70147 2.84735531908
67519 2.84735531908
66921 2.84735531908
56021 2.84735531908
37929 2.84735531908
53458 2.84656242053
78238 2.84632308989
61862 2.84460830113
70641 2.84418942291
17709 2.84251315071
27532 2.84234004359
48729 2.84150380281
49561 2.84086541294
44375 2.84024958944
42704 2.8401061007
47278 2.83941394152
73967 2.83803459962
57524 2.83797341989
45845 2.83734015783
57176 2.83568157766
62360 2.83529328898
61512 2.8343423322
76325 2.83265227699
70297 2.83238671028
68275 2.83238671028
52784 2.83238671028
44090 2.83238671028
21266 2.83238671028
41613 2.83180184115
55558 2.83145345296
54528 2.82903915732
86911 2.82836266035
38191 2.82742998735
23193 2.8271640982
78597 2.82704135428
32012 2.82704135428
23074 2.82704135428
43955 2.82608861535
88132 2.82420846535
68380 2.82420846535
45873 2.82420846535
31835 2.82420846535
67537 2.82257764133
87645 2.82228438761
85975 2.82228438761
83774 2.82228438761
71121 2.82228438761
67157 2.82228438761
58983 2.82228438761
54333 2.82228438761
52220 2.82228438761
48690 2.82228438761
48605 2.82228438761
44804 2.82228438761
43818 2.82228438761
42942 2.82228438761
40346 2.82228438761
40197 2.82228438761
35820 2.82228438761
34198 2.82228438761
34124 2.82228438761
51749 2.82008691155
87738 2.81942571165
79941 2.81942571165
41623 2.81942571165
47545 2.8193530908
67538 2.81878090037
24521 2.8181706015
76467 2.81788990125
35246 2.81728167255
38467 2.8172703559
77832 2.81645515918
41360 2.81435431482
88287 2.81418555462
79117 2.81418555462
73459 2.81418555462
67905 2.81418555462
62490 2.81418555462
61105 2.81418555462
54557 2.81418555462
49018 2.81418555462
39799 2.81418555462
29069 2.81418555462
28188 2.81418555462
27460 2.81418555462
63921 2.81159635809
12600 2.81150698447
25341 2.81146699112
36031 2.81073064739
58820 2.81028946719
65260 2.80914527706
58851 2.80821256571
31423 2.807455808
27074 2.80665768466
56926 2.8065083634
63325 2.80614123685
77254 2.80465347605
53602 2.80454971391
86788 2.8033702231
77248 2.80318956338
64684 2.80288239642
33511 2.801263383
27503 2.80070851803
64958 2.80029222162
36545 2.80014378183
75165 2.79993232207
83937 2.79926569606
37034 2.79829835465
81363 2.79684882114
78934 2.79518884194
69722 2.79464707616
23808 2.79374231949
11005 2.79351177206
77786 2.79342048831
84773 2.79216214189
76571 2.79216214189
78598 2.79212472123
10329 2.79062453907
59122 2.78973338162
78621 2.78950421184
49577 2.78933875594
48935 2.78892648413
72992 2.78735786766
49711 2.78735786766
46544 2.78735786766
44740 2.78735786766
27541 2.78735786766
88388 2.78689358695
81895 2.78689358695
63435 2.78689358695
50344 2.78689358695
48918 2.78689358695
48873 2.78689358695
33816 2.78689358695
31659 2.78689358695
41609 2.78565747083
72506 2.78371760934
61204 2.78357730481
84833 2.78304433225
64003 2.78304433225
39692 2.78304433225
24964 2.78304433225
89386 2.78285054839
89103 2.78285054839
81938 2.78285054839
69039 2.78285054839
67168 2.78285054839
57606 2.78285054839
51085 2.78285054839
39192 2.78285054839
38647 2.78285054839
28198 2.78285054839
33893 2.78164652742
61960 2.78145459431
63721 2.78126219353
17261 2.78031086578
77652 2.77974898714
39323 2.77877482232
37713 2.77757727479
33927 2.77738598464
82020 2.77714333333
63268 2.77708960908
43083 2.77708960908
53312 2.77687559028
30520 2.7759142201
58085 2.77493407909
45227 2.77491627312
62219 2.77419702724
60494 2.77419702724
42914 2.77368160084
55929 2.77222214276
53520 2.77222214276
49041 2.77222214276
67353 2.77212209725
59483 2.77176902451
49031 2.77176902451
65038 2.77135919232
79804 2.77131833276
32471 2.77095964366
62532 2.77047975082
63994 2.77033195951
66963 2.76984087263
59097 2.76984087263
53963 2.76984087263
45435 2.76984087263
42076 2.76984087263
37839 2.76902160589
34769 2.76852554763
35127 2.76695264861
32642 2.76581091365
22597 2.76214723825
72813 2.76171701776
81235 2.76062231277
78106 2.76062231277
70914 2.76062231277
60105 2.76062231277
54721 2.76062231277
41164 2.76062231277
36101 2.76015285324
69561 2.75885301004
67648 2.75885301004
66426 2.75885301004
55003 2.75885301004
48557 2.75885301004
48230 2.75885301004
47942 2.75885301004
40597 2.75885301004
34787 2.75885301004
34606 2.75885301004
24126 2.75808071039
51272 2.75750231496
68354 2.75737114364
54254 2.75605621914
59011 2.75389150008
33301 2.75346375157
30376 2.75088262006
87602 2.75065554147
77446 2.75065249212
59756 2.74953711516
75407 2.74900169709
33527 2.74860058786
30051 2.74843863565
35242 2.74828935388
16199 2.74824571211
43442 2.74797668648
63317 2.74775097318
82007 2.74704476274
79102 2.74626509582
44389 2.74623614979
54362 2.74557616667
47376 2.74534129585
86443 2.74488767794
32230 2.74461682936
75175 2.74436331319
39189 2.74271859251
14244 2.74155579087
46296 2.74120400534
26356 2.74065118315
46638 2.74000145123
82586 2.73933517422
33881 2.73882681903
42067 2.73869225165
87888 2.73853571456
79259 2.73853571456
58558 2.73853571456
57489 2.73853571456
47344 2.73853571456
45443 2.73853571456
43621 2.73853571456
83446 2.73829124891
17166 2.73760216148
55172 2.73671183802
34957 2.73645668296
41384 2.73632646417
46931 2.73292578008
66374 2.73286709733
30830 2.73286709733
20607 2.73286709733
83872 2.73219948819
74709 2.73219948819
73338 2.73219948819
69468 2.73219948819
68615 2.73219948819
66635 2.73219948819
60912 2.73219948819
52823 2.73219948819
47399 2.73219948819
43874 2.73219948819
30660 2.73219948819
38124 2.73108882176
50307 2.73084336309
79115 2.73061673753
43219 2.73059239766
83088 2.73043226888
45170 2.73043226888
76625 2.72967846025
42074 2.72967846025
33661 2.72891938222
37348 2.7280291517
68113 2.72702668207
37832 2.72637269646
49496 2.72508506828
46343 2.72498098533
24326 2.72427270103
64813 2.72367957436
44948 2.72321603887
83440 2.7229243066
32324 2.72257256159
61640 2.7222952548
47854 2.72214910408
45139 2.721563802
76290 2.72088006277
35976 2.72061322882
84899 2.72026308347
39963 2.71891676775
26623 2.7188594764
24007 2.7188594764
47402 2.7188012543
80983 2.71865910505
48140 2.71858687879
81808 2.71795769004
37067 2.7177341704
77527 2.71753653365
46011 2.71753653365
32903 2.71741012249
82865 2.71725584362
34800 2.71697108823
36614 2.71688073577
35213 2.71628435069
25129 2.71628435069
53069 2.71493999841
85504 2.71434406958
64976 2.71434406958
62399 2.71434406958
60517 2.71434406958
52953 2.71434406958
43258 2.71434406958
42683 2.71434406958
41643 2.71434406958
29930 2.71434406958
8297 2.71068329554
85853 2.70885192849
76319 2.70874375842
59638 2.70798675832
54632 2.7066449126
7233 2.70643986991
78609 2.7064166735
73278 2.70599252925
73567 2.70435784522
43979 2.70435784522
36406 2.70435784522
31331 2.70435784522
75080 2.70423167046
78099 2.70206947266
45481 2.70206947266
36423 2.70206947266
35729 2.70206947266
49380 2.70199020638
82699 2.7018536395
68687 2.7018536395
33232 2.70050500134
65789 2.70002773709
45707 2.69990118652
75831 2.69897779225
43551 2.69897779225
87833 2.69789620739
28944 2.69789620739
23804 2.69789620739
41893 2.69755942233
25292 2.69755942233
19241 2.69635795648
73964 2.69607502503
64141 2.69565239759
22300 2.69508750352
44035 2.6948293812
87116 2.69480637885
68939 2.69480637885
53471 2.69480637885
41670 2.69468952718
70126 2.69454593746
60124 2.69433932812
87529 2.69348673619
53918 2.69345360757
43613 2.69306838062
33056 2.69231927699
68008 2.6923144214
74058 2.69054481756
65715 2.69046391679
85769 2.69013144238
17859 2.69009887842
41223 2.69009526344
27014 2.68867479242
56673 2.68742626121
84860 2.68629114068
41222 2.68627832517
88158 2.68573931766
56722 2.68572983178
88198 2.68509575556
51703 2.68507816753
89313 2.68460815211
86502 2.68460815211
59610 2.68381372388
29033 2.68326399767
41525 2.68234096005
63930 2.68202330478
88848 2.6820226326
16074 2.68150445488
70224 2.68114752526
23611 2.68092654033
75972 2.67731763408
47297 2.67718344829
85188 2.67617184352
60954 2.67606389905
22749 2.67534856073
86726 2.67435058383
76875 2.67400382999
41534 2.67400075274
73565 2.67339439258
45407 2.67286074241
24247 2.67269839788
69571 2.67235256913
67036 2.67163413684
30484 2.66964948234
49381 2.6693485868
44031 2.66817492535
36040 2.66748729011
26978 2.66703230164
72971 2.66696338935
84905 2.666256937
73237 2.66586931126
49407 2.66552479036
26786 2.66512687364
50870 2.66504582317
54428 2.66361008963
27739 2.66275415476
78135 2.66261507383
38667 2.66248167805
88479 2.66244328514
70951 2.66210026419
34058 2.66153668432
28803 2.66142641425
51876 2.65863909469
47158 2.658566951
72819 2.65840660464
77535 2.65817157563
40414 2.65793544719
51859 2.65730174609
36668 2.65612536823
41745 2.65583376609
48134 2.655367487
47414 2.65437423221
45271 2.65337556605
45488 2.65267768664
23762 2.65081222941
48781 2.64962945107
24237 2.64956434904
59061 2.64850297191
73689 2.64849804255
78272 2.64740868658
64517 2.64729546623
20373 2.64574797763
23580 2.64279311822
37109 2.642766016
43051 2.64238733262
82208 2.6418040714
86232 2.6398986178
64442 2.63866457357
48403 2.63839922383
66380 2.6382511112
45018 2.6374616126
51401 2.63703976174
35069 2.63702181787
77320 2.63567542486
29726 2.63533641438
63913 2.63394648284
42144 2.63387649222
66248 2.63385326969
15791 2.63362444123
51557 2.6331676026
21629 2.63311906615
38118 2.63302306407
40878 2.6330123662
18091 2.63262049252
44473 2.63258467985
83180 2.63150446171
61789 2.63111806487
47856 2.63111806487
83980 2.63053772882
61638 2.63037062848
58316 2.62971550062
31791 2.62908443729
86816 2.62853806883
55841 2.6282156621
8837 2.62772905994
79003 2.62660275567
31717 2.62648757264
26626 2.62521082531
37073 2.62510457944
39374 2.62377213386
27362 2.62333493706
49323 2.62283317899
24212 2.62211066696
69654 2.62164073633
83571 2.62152193555
23377 2.6208611498
23019 2.62067723636
79000 2.6202148465
45047 2.6199491352
46134 2.61848420073
49477 2.61744037404
24173 2.61712573732
27287 2.61701954542
67186 2.61653707451
69763 2.6165056337
61969 2.61636181238
51467 2.61636181238
48650 2.61608180837
28624 2.61561627146
59247 2.61503264874
54247 2.61437318249
36593 2.61431430244
52081 2.61405613342
59608 2.6135392502
43437 2.61284921569
42266 2.61276148599
25924 2.61254371108
60749 2.61096018712
40917 2.61036389153
36961 2.60963858175
84621 2.60915972953
46893 2.60692240013
54972 2.60689777124
75683 2.60641748783
74653 2.60641748783
41604 2.60641748783
85736 2.60567915107
78496 2.60539297837
82587 2.60482519706
11732 2.6031042322
31151 2.60215400551
21173 2.60200001608
51793 2.60158415242
27123 2.60089730055
59453 2.60073466941
42698 2.59920511678
38600 2.59739113053
47078 2.5969993205
41041 2.59479223586
58769 2.59455516189
39165 2.5939083215
9446 2.59243355698
31449 2.5899222478
56334 2.58982438655
21571 2.58921345254
77470 2.58883575434
66403 2.58879213056
29719 2.58833795506
70525 2.58758845927
82997 2.58751629546
63359 2.58720884938
44243 2.58649838608
62143 2.58480898071
35742 2.58438358095
13303 2.5841647799
79451 2.58403068034
69072 2.58403068034
55300 2.58403068034
45360 2.58403068034
39534 2.58403068034
33704 2.58403068034
54198 2.58331334514
29291 2.5813604321
80878 2.58016268876
79505 2.57854040393
18357 2.57808402043
80461 2.57798774278
77131 2.57591192434
43185 2.5757090784
49030 2.57532010756
63554 2.57343702558
